0.0000 0.9950 0.9950 
0.1000 0.9900 0.9900 
0.2000 0.9850 0.9850 
0.3000 0.9800 0.9800 
0.4000 0.9750 0.9750 
0.5000 0.9700 0.9700 
0.6000 0.9650 0.9650 
0.7000 0.9600 0.9600 
0.8000 0.9550 0.9550 
0.9000 0.9500 0.9500 
1.0000 0.9450 0.9450 
1.1000 0.9400 0.9400 
1.2000 0.9350 0.9350 
1.3000 0.9300 0.9300 
1.4000 0.9250 0.9250 
1.5000 0.9200 0.9200 
1.6000 0.9150 0.9150 
1.7000 0.9100 0.9100 
1.8000 0.9050 0.9050 
1.9000 0.9000 0.9000 
2.0000 0.8950 0.8950 
2.1000 0.8900 0.8900 
2.2000 0.8850 0.8850 
2.3000 0.8800 0.8800 
2.4000 0.8750 0.8750 
2.5000 0.8700 0.8700 
2.6000 0.8650 0.8650 
2.7000 0.8600 0.8600 
2.8000 0.8550 0.8550 
2.9000 0.8500 0.8500 
3.0000 0.8450 0.8450 
3.1000 0.8400 0.8400 
3.2000 0.8350 0.8350 
3.3000 0.8300 0.8300 
3.4000 0.8250 0.8250 
3.5000 0.8200 0.8200 
3.6000 0.8150 0.8150 
3.7000 0.8100 0.8100 
3.8000 0.8050 0.8050 
3.9000 0.8000 0.8000 
4.0000 0.7950 0.7950 
4.1000 0.7900 0.7900 
4.2000 0.7850 0.7850 
4.3000 0.7800 0.7800 
4.4000 0.7750 0.7750 
4.5000 0.7700 0.7700 
4.6000 0.7650 0.7650 
4.7000 0.7600 0.7600 
4.8000 0.7550 0.7550 
4.9000 0.7500 0.7500 
5.0000 0.7450 0.7450 
5.1000 0.7400 0.7400 
5.2000 0.7350 0.7350 
5.3000 0.7300 0.7300 
5.4000 0.7250 0.7250 
5.5000 0.7200 0.7200 
5.6000 0.7150 0.7150 
5.7000 0.7100 0.7100 
5.8000 0.7050 0.7050 
5.9000 0.7000 0.7000 
6.0000 0.6950 0.6950 
6.1000 0.6900 0.6900 
6.2000 0.6850 0.6850 
6.3000 0.6800 0.6800 
6.4000 0.6750 0.6750 
6.5000 0.6700 0.6700 
6.6000 0.6650 0.6650 
6.7000 0.6600 0.6600 
6.8000 0.6550 0.6550 
6.9000 0.6500 0.6500 
7.0000 0.6450 0.6450 
7.1000 0.6400 0.6400 
7.2000 0.6350 0.6350 
7.3000 0.6300 0.6300 
7.4000 0.6250 0.6250 
7.5000 0.6200 0.6200 
7.6000 0.6150 0.6150 
7.7000 0.6100 0.6100 
7.8000 0.6050 0.6050 
7.9000 0.6000 0.6000 
8.0000 0.5950 0.5950 
8.1000 0.5900 0.5900 
8.2000 0.5850 0.5850 
8.3000 0.5800 0.5800 
8.4000 0.5750 0.5750 
8.5000 0.5700 0.5700 
8.6000 0.5650 0.5650 
8.7000 0.5600 0.5600 
8.8000 0.5550 0.5550 
8.9000 0.5500 0.5500 
9.0000 0.5450 0.5450 
9.1000 0.5400 0.5400 
9.2000 0.5350 0.5350 
9.3000 0.5300 0.5300 
9.4000 0.5250 0.5250 
9.5000 0.5200 0.5200 
9.6000 0.5150 0.5150 
9.7000 0.5100 0.5100 
9.8000 0.5050 0.5050 
9.9000 0.5000 0.5000 
10.0000 0.4950 0.4950 
10.1000 0.4900 0.4900 
10.2000 0.4850 0.4850 
10.3000 0.4800 0.4800 
10.4000 0.4750 0.4750 
10.5000 0.4700 0.4700 
10.6000 0.4650 0.4650 
10.7000 0.4600 0.4600 
10.8000 0.4550 0.4550 
10.9000 0.4500 0.4500 
11.0000 0.4450 0.4450 
11.1000 0.4400 0.4400 
11.2000 0.4350 0.4350 
11.3000 0.4300 0.4300 
11.4000 0.4250 0.4250 
11.5000 0.4200 0.4200 
11.6000 0.4150 0.4150 
11.7000 0.4100 0.4100 
11.8000 0.4050 0.4050 
11.9000 0.4000 0.4000 
12.0000 0.3950 0.3950 
12.1000 0.3900 0.3900 
12.2000 0.3850 0.3850 
12.3000 0.3800 0.3800 
12.4000 0.3750 0.3750 
12.5000 0.3700 0.3700 
12.6000 0.3650 0.3650 
12.7000 0.3600 0.3600 
12.8000 0.3550 0.3550 
12.9000 0.3500 0.3500 
13.0000 0.3450 0.3450 
13.1000 0.3400 0.3400 
13.2000 0.3350 0.3350 
13.3000 0.3300 0.3300 
13.4000 0.3250 0.3250 
13.5000 0.3200 0.3200 
13.6000 0.3150 0.3150 
13.7000 0.3100 0.3100 
13.8000 0.3050 0.3050 
13.9000 0.3000 0.3000 
14.0000 0.2950 0.2950 
14.1000 0.2900 0.2900 
14.2000 0.2850 0.2850 
14.3000 0.2800 0.2800 
14.4000 0.2750 0.2750 
14.5000 0.2700 0.2700 
14.6000 0.2650 0.2650 
14.7000 0.2600 0.2600 
14.8000 0.2550 0.2550 
14.9000 0.2500 0.2500 
15.0000 0.2450 0.2450 
15.1000 0.2400 0.2400 
15.2000 0.2350 0.2350 
15.3000 0.2300 0.2300 
15.4000 0.2250 0.2250 
15.5000 0.2200 0.2200 
15.6000 0.2150 0.2150 
15.7000 0.2100 0.2100 
15.8000 0.2050 0.2050 
15.9000 0.2000 0.2000 
16.0000 0.1950 0.1950 
16.1000 0.1900 0.1900 
16.2000 0.1850 0.1850 
16.3000 0.1800 0.1800 
16.4000 0.1750 0.1750 
16.5000 0.1700 0.1700 
16.6000 0.1650 0.1650 
16.7000 0.1600 0.1600 
16.8000 0.1550 0.1550 
16.9000 0.1500 0.1500 
17.0000 0.1450 0.1450 
17.1000 0.1400 0.1400 
17.2000 0.1350 0.1350 
17.3000 0.1300 0.1300 
17.4000 0.1250 0.1250 
17.5000 0.1200 0.1200 
17.6000 0.1150 0.1150 
17.7000 0.1100 0.1100 
17.8000 0.1050 0.1050 
17.9000 0.1000 0.1000 
18.0000 0.0950 0.0950 
18.1000 0.0900 0.0900 
18.2000 0.0850 0.0850 
18.3000 0.0800 0.0800 
18.4000 0.0750 0.0750 
18.5000 0.0700 0.0700 
18.6000 0.0650 0.0650 
18.7000 0.0600 0.0600 
18.8000 0.0550 0.0550 
18.9000 0.0500 0.0500 
19.0000 0.0450 0.0450 
19.1000 0.0400 0.0400 
19.2000 0.0350 0.0350 
19.3000 0.0300 0.0300 
19.4000 0.0250 0.0250 
19.5000 0.0200 0.0200 
19.6000 0.0150 0.0150 
19.7000 0.0100 0.0100 
19.8000 0.0050 0.0050 
19.9000 0.0000 0.0000 
20.0000 0.0000 0.0000 
20.1000 0.0000 0.0000 
20.2000 0.0000 0.0000 
20.3000 0.0000 0.0000 
20.4000 0.0000 0.0000 
20.5000 0.0000 0.0000 
20.6000 0.0000 0.0000 
20.7000 0.0000 0.0000 
20.8000 0.0000 0.0000 
20.9000 0.0000 0.0000 
21.0000 0.0000 0.0000 
21.1000 0.0000 0.0000 
21.2000 0.0000 0.0000 
21.3000 0.0000 0.0000 
21.4000 0.0000 0.0000 
21.5000 0.0000 0.0000 
21.6000 0.0000 0.0000 
21.7000 0.0000 0.0000 
21.8000 0.0000 0.0000 
21.9000 0.0000 0.0000 
22.0000 0.0000 0.0000 
22.1000 0.0000 0.0000 
22.2000 0.0000 0.0000 
22.3000 0.0000 0.0000 
22.4000 0.0000 0.0000 
22.5000 0.0000 0.0000 
22.6000 0.0000 0.0000 
22.7000 0.0000 0.0000 
22.8000 0.0000 0.0000 
22.9000 0.0000 0.0000 
23.0000 0.0000 0.0000 
23.1000 0.0000 0.0000 
23.2000 0.0000 0.0000 
23.3000 0.0000 0.0000 
23.4000 0.0000 0.0000 
23.5000 0.0000 0.0000 
23.6000 0.0000 0.0000 
23.7000 0.0000 0.0000 
23.8000 0.0000 0.0000 
23.9000 0.0000 0.0000 
24.0000 0.0000 0.0000 
24.1000 0.0000 0.0000 
24.2000 0.0000 0.0000 
24.3000 0.0000 0.0000 
24.4000 0.0000 0.0000 
24.5000 0.0000 0.0000 
24.6000 0.0000 0.0000 
24.7000 0.0000 0.0000 
24.8000 0.0000 0.0000 
24.9000 0.0000 0.0000 
25.0000 0.0000 0.0000 
25.1000 0.0000 0.0000 
25.2000 0.0000 0.0000 
25.3000 0.0000 0.0000 
25.4000 0.0000 0.0000 
25.5000 0.0000 0.0000 
25.6000 0.0000 0.0000 
25.7000 0.0000 0.0000 
25.8000 0.0000 0.0000 
25.9000 0.0000 0.0000 
26.0000 0.0000 0.0000 
26.1000 0.0000 0.0000 
26.2000 0.0000 0.0000 
26.3000 0.0000 0.0000 
26.4000 0.0000 0.0000 
26.5000 0.0000 0.0000 
26.6000 0.0000 0.0000 
26.7000 0.0000 0.0000 
26.8000 0.0000 0.0000 
26.9000 0.0000 0.0000 
27.0000 0.0000 0.0000 
27.1000 0.0000 0.0000 
27.2000 0.0000 0.0000 
27.3000 0.0000 0.0000 
27.4000 0.0000 0.0000 
27.5000 0.0000 0.0000 
27.6000 0.0000 0.0000 
27.7000 0.0000 0.0000 
27.8000 0.0000 0.0000 
27.9000 0.0000 0.0000 
28.0000 0.0000 0.0000 
28.1000 0.0000 0.0000 
28.2000 0.0000 0.0000 
28.3000 0.0000 0.0000 
28.4000 0.0000 0.0000 
28.5000 0.0000 0.0000 
28.6000 0.0000 0.0000 
28.7000 0.0000 0.0000 
28.8000 0.0000 0.0000 
28.9000 0.0000 0.0000 
29.0000 0.0000 0.0000 
29.1000 0.0000 0.0000 
29.2000 0.0000 0.0000 
29.3000 0.0000 0.0000 
29.4000 0.0000 0.0000 
29.5000 0.0000 0.0000 
29.6000 0.0000 0.0000 
29.7000 0.0000 0.0000 
29.8000 0.0000 0.0000 
29.9000 0.0000 0.0000 
30.0000 0.0000 0.0000 
30.1000 0.0000 0.0000 
30.2000 0.0000 0.0000 
30.3000 0.0000 0.0000 
30.4000 0.0000 0.0000 
30.5000 0.0000 0.0000 
30.6000 0.0000 0.0000 
30.7000 0.0000 0.0000 
30.8000 0.0000 0.0000 
30.9000 0.0000 0.0000 
31.0000 0.0000 0.0000 
31.1000 0.0000 0.0000 
31.2000 0.0000 0.0000 
31.3000 0.0000 0.0000 
31.4000 0.0000 0.0000 
31.5000 0.0000 0.0000 
31.6000 0.0000 0.0000 
31.7000 0.0000 0.0000 
31.8000 0.0000 0.0000 
31.9000 0.0000 0.0000 
32.0000 0.0000 0.0000 
32.1000 0.0000 0.0000 
32.2000 0.0000 0.0000 
32.3000 0.0000 0.0000 
32.4000 0.0000 0.0000 
32.5000 0.0000 0.0000 
32.6000 0.0000 0.0000 
32.7000 0.0000 0.0000 
32.8000 0.0000 0.0000 
32.9000 0.0000 0.0000 
33.0000 0.0000 0.0000 
33.1000 0.0000 0.0000 
33.2000 0.0000 0.0000 
33.3000 0.0000 0.0000 
33.4000 0.0000 0.0000 
33.5000 0.0000 0.0000 
33.6000 0.0000 0.0000 
33.7000 0.0000 0.0000 
33.8000 0.0000 0.0000 
33.9000 0.0000 0.0000 
34.0000 0.0000 0.0000 
34.1000 0.0000 0.0000 
34.2000 0.0000 0.0000 
34.3000 0.0000 0.0000 
34.4000 0.0000 0.0000 
34.5000 0.0000 0.0000 
34.6000 0.0000 0.0000 
34.7000 0.0000 0.0000 
34.8000 0.0000 0.0000 
34.9000 0.0000 0.0000 
35.0000 0.0000 0.0000 
35.1000 0.0000 0.0000 
35.2000 0.0000 0.0000 
35.3000 0.0000 0.0000 
35.4000 0.0000 0.0000 
35.5000 0.0000 0.0000 
35.6000 0.0000 0.0000 
35.7000 0.0000 0.0000 
35.8000 0.0000 0.0000 
35.9000 0.0000 0.0000 
36.0000 0.0000 0.0000 
36.1000 0.0000 0.0000 
36.2000 0.0000 0.0000 
36.3000 0.0000 0.0000 
36.4000 0.0000 0.0000 
36.5000 0.0000 0.0000 
36.6000 0.0000 0.0000 
36.7000 0.0000 0.0000 
36.8000 0.0000 0.0000 
36.9000 0.0000 0.0000 
37.0000 0.0000 0.0000 
37.1000 0.0000 0.0000 
37.2000 0.0000 0.0000 
37.3000 0.0000 0.0000 
37.4000 0.0000 0.0000 
37.5000 0.0000 0.0000 
37.6000 0.0000 0.0000 
37.7000 0.0000 0.0000 
37.8000 0.0000 0.0000 
37.9000 0.0000 0.0000 
38.0000 0.0000 0.0000 
38.1000 0.0000 0.0000 
38.2000 0.0000 0.0000 
38.3000 0.0000 0.0000 
38.4000 0.0000 0.0000 
38.5000 0.0000 0.0000 
38.6000 0.0000 0.0000 
38.7000 0.0000 0.0000 
38.8000 0.0000 0.0000 
38.9000 0.0000 0.0000 
39.0000 0.0000 0.0000 
39.1000 0.0000 0.0000 
39.2000 0.0000 0.0000 
39.3000 0.0000 0.0000 
39.4000 0.0000 0.0000 
39.5000 0.0000 0.0000 
39.6000 0.0000 0.0000 
39.7000 0.0000 0.0000 
39.8000 0.0000 0.0000 
39.9000 0.0000 0.0000 
40.0000 0.0000 0.0000 
40.1000 0.0000 0.0000 
40.2000 0.0000 0.0000 
40.3000 0.0000 0.0000 
40.4000 0.0000 0.0000 
40.5000 0.0000 0.0000 
40.6000 0.0000 0.0000 
40.7000 0.0000 0.0000 
40.8000 0.0000 0.0000 
40.9000 0.0000 0.0000 
41.0000 0.0000 0.0000 
41.1000 0.0000 0.0000 
41.2000 0.0000 0.0000 
41.3000 0.0000 0.0000 
41.4000 0.0000 0.0000 
41.5000 0.0000 0.0000 
41.6000 0.0000 0.0000 
41.7000 0.0000 0.0000 
41.8000 0.0000 0.0000 
41.9000 0.0000 0.0000 
42.0000 0.0000 0.0000 
42.1000 0.0000 0.0000 
42.2000 0.0000 0.0000 
42.3000 0.0000 0.0000 
42.4000 0.0000 0.0000 
42.5000 0.0000 0.0000 
42.6000 0.0000 0.0000 
42.7000 0.0000 0.0000 
42.8000 0.0000 0.0000 
42.9000 0.0000 0.0000 
43.0000 0.0000 0.0000 
43.1000 0.0000 0.0000 
43.2000 0.0000 0.0000 
43.3000 0.0000 0.0000 
43.4000 0.0000 0.0000 
43.5000 0.0000 0.0000 
43.6000 0.0000 0.0000 
43.7000 0.0000 0.0000 
43.8000 0.0000 0.0000 
43.9000 0.0000 0.0000 
44.0000 0.0000 0.0000 
44.1000 0.0000 0.0000 
44.2000 0.0000 0.0000 
44.3000 0.0000 0.0000 
44.4000 0.0000 0.0000 
44.5000 0.0000 0.0000 
44.6000 0.0000 0.0000 
44.7000 0.0000 0.0000 
44.8000 0.0000 0.0000 
44.9000 0.0000 0.0000 
45.0000 0.0000 0.0000 
45.1000 0.0000 0.0000 
45.2000 0.0000 0.0000 
45.3000 0.0000 0.0000 
45.4000 0.0000 0.0000 
45.5000 0.0000 0.0000 
45.6000 0.0000 0.0000 
45.7000 0.0000 0.0000 
45.8000 0.0000 0.0000 
45.9000 0.0000 0.0000 
46.0000 0.0000 0.0000 
46.1000 0.0000 0.0000 
46.2000 0.0000 0.0000 
46.3000 0.0000 0.0000 
46.4000 0.0000 0.0000 
46.5000 0.0000 0.0000 
46.6000 0.0000 0.0000 
46.7000 0.0000 0.0000 
46.8000 0.0000 0.0000 
46.9000 0.0000 0.0000 
47.0000 0.0000 0.0000 
47.1000 0.0000 0.0000 
47.2000 0.0000 0.0000 
47.3000 0.0000 0.0000 
47.4000 0.0000 0.0000 
47.5000 0.0000 0.0000 
47.6000 0.0000 0.0000 
47.7000 0.0000 0.0000 
47.8000 0.0000 0.0000 
47.9000 0.0000 0.0000 
48.0000 0.0000 0.0000 
48.1000 0.0000 0.0000 
48.2000 0.0000 0.0000 
48.3000 0.0000 0.0000 
48.4000 0.0000 0.0000 
48.5000 0.0000 0.0000 
48.6000 0.0000 0.0000 
48.7000 0.0000 0.0000 
48.8000 0.0000 0.0000 
48.9000 0.0000 0.0000 
49.0000 0.0000 0.0000 
49.1000 0.0000 0.0000 
49.2000 0.0000 0.0000 
49.3000 0.0000 0.0000 
49.4000 0.0100 0.0100 
49.5000 0.0200 0.0200 
49.6000 0.0300 0.0300 
49.7000 0.0400 0.0400 
49.8000 0.0500 0.0500 
49.9000 0.0599 0.0599 
50.0000 0.0699 0.0699 
50.1000 0.0799 0.0799 
50.2000 0.0898 0.0898 
50.3000 0.0997 0.0997 
50.4000 0.1096 0.1096 
50.5000 0.1195 0.1195 
50.6000 0.1294 0.1294 
50.7000 0.1392 0.1392 
50.8000 0.1490 0.1490 
50.9000 0.1588 0.1588 
51.0000 0.1685 0.1685 
51.1000 0.1782 0.1782 
51.2000 0.1879 0.1879 
51.3000 0.1976 0.1976 
51.4000 0.2072 0.2072 
51.5000 0.2167 0.2167 
51.6000 0.2263 0.2263 
51.7000 0.2358 0.2358 
51.8000 0.2452 0.2452 
51.9000 0.2546 0.2546 
52.0000 0.2640 0.2640 
52.1000 0.2733 0.2733 
52.2000 0.2825 0.2825 
52.3000 0.2917 0.2917 
52.4000 0.3009 0.3009 
52.5000 0.3100 0.3100 
52.6000 0.3190 0.3190 
52.7000 0.3280 0.3280 
52.8000 0.3369 0.3369 
52.9000 0.3458 0.3458 
53.0000 0.3546 0.3546 
53.1000 0.3633 0.3633 
53.2000 0.3720 0.3720 
53.3000 0.3806 0.3806 
53.4000 0.3892 0.3892 
53.5000 0.3977 0.3977 
53.6000 0.4061 0.4061 
53.7000 0.4144 0.4144 
53.8000 0.4227 0.4227 
53.9000 0.4309 0.4309 
54.0000 0.4391 0.4391 
54.1000 0.4471 0.4471 
54.2000 0.4551 0.4551 
54.3000 0.4631 0.4631 
54.4000 0.4709 0.4709 
54.5000 0.4787 0.4787 
54.6000 0.4864 0.4864 
54.7000 0.4940 0.4940 
54.8000 0.5016 0.5016 
54.9000 0.5091 0.5091 
55.0000 0.5165 0.5165 
55.1000 0.5238 0.5238 
55.2000 0.5311 0.5311 
55.3000 0.5383 0.5383 
55.4000 0.5454 0.5454 
55.5000 0.5524 0.5524 
55.6000 0.5593 0.5593 
55.7000 0.5662 0.5662 
55.8000 0.5730 0.5730 
55.9000 0.5797 0.5797 
56.0000 0.5864 0.5864 
56.1000 0.5929 0.5929 
56.2000 0.5994 0.5994 
56.3000 0.5944 0.5944 
56.4000 0.5894 0.5894 
56.5000 0.5844 0.5844 
56.6000 0.5794 0.5794 
56.7000 0.5744 0.5744 
56.8000 0.5694 0.5694 
56.9000 0.5644 0.5644 
57.0000 0.5594 0.5594 
57.1000 0.5544 0.5544 
57.2000 0.5494 0.5494 
57.3000 0.5444 0.5444 
57.4000 0.5394 0.5394 
57.5000 0.5344 0.5344 
57.6000 0.5294 0.5294 
57.7000 0.5244 0.5244 
57.8000 0.5194 0.5194 
57.9000 0.5144 0.5144 
58.0000 0.5094 0.5094 
58.1000 0.5044 0.5044 
58.2000 0.4994 0.4994 
58.3000 0.4944 0.4944 
58.4000 0.4894 0.4894 
58.5000 0.4844 0.4844 
58.6000 0.4794 0.4794 
58.7000 0.4744 0.4744 
58.8000 0.4694 0.4694 
58.9000 0.4644 0.4644 
59.0000 0.4594 0.4594 
59.1000 0.4544 0.4544 
59.2000 0.4494 0.4494 
59.3000 0.4444 0.4444 
59.4000 0.4394 0.4394 
59.5000 0.4344 0.4344 
59.6000 0.4294 0.4294 
59.7000 0.4244 0.4244 
59.8000 0.4194 0.4194 
59.9000 0.4144 0.4144 
60.0000 0.4094 0.4094 
60.1000 0.4044 0.4044 
60.2000 0.3994 0.3994 
60.3000 0.3944 0.3944 
60.4000 0.3894 0.3894 
60.5000 0.3844 0.3844 
60.6000 0.3794 0.3794 
60.7000 0.3744 0.3744 
60.8000 0.3694 0.3694 
60.9000 0.3644 0.3644 
61.0000 0.3594 0.3594 
61.1000 0.3544 0.3544 
61.2000 0.3494 0.3494 
61.3000 0.3444 0.3444 
61.4000 0.3394 0.3394 
61.5000 0.3344 0.3344 
61.6000 0.3294 0.3294 
61.7000 0.3244 0.3244 
61.8000 0.3194 0.3194 
61.9000 0.3144 0.3144 
62.0000 0.3094 0.3094 
62.1000 0.3044 0.3044 
62.2000 0.2994 0.2994 
62.3000 0.2944 0.2944 
62.4000 0.2894 0.2894 
62.5000 0.2844 0.2844 
62.6000 0.2794 0.2794 
62.7000 0.2744 0.2744 
62.8000 0.2694 0.2694 
62.9000 0.2644 0.2644 
63.0000 0.2594 0.2594 
63.1000 0.2544 0.2544 
63.2000 0.2494 0.2494 
63.3000 0.2444 0.2444 
63.4000 0.2394 0.2394 
63.5000 0.2344 0.2344 
63.6000 0.2294 0.2294 
63.7000 0.2244 0.2244 
63.8000 0.2339 0.2339 
63.9000 0.2434 0.2434 
64.0000 0.2528 0.2528 
64.1000 0.2621 0.2621 
64.2000 0.2714 0.2714 
64.3000 0.2807 0.2807 
64.4000 0.2899 0.2899 
64.5000 0.2991 0.2991 
64.6000 0.3082 0.3082 
64.7000 0.3172 0.3172 
64.8000 0.3262 0.3262 
64.9000 0.3352 0.3352 
65.0000 0.3440 0.3440 
65.1000 0.3528 0.3528 
65.2000 0.3616 0.3616 
65.3000 0.3703 0.3703 
65.4000 0.3789 0.3789 
65.5000 0.3875 0.3875 
65.6000 0.3960 0.3960 
65.7000 0.4044 0.4044 
65.8000 0.4128 0.4128 
65.9000 0.4211 0.4211 
66.0000 0.4293 0.4293 
66.1000 0.4375 0.4375 
66.2000 0.4456 0.4456 
66.3000 0.4536 0.4536 
66.4000 0.4615 0.4615 
66.5000 0.4694 0.4694 
66.6000 0.4772 0.4772 
66.7000 0.4849 0.4849 
66.8000 0.4925 0.4925 
66.9000 0.5001 0.5001 
67.0000 0.5076 0.5076 
67.1000 0.5150 0.5150 
67.2000 0.5224 0.5224 
67.3000 0.5297 0.5297 
67.4000 0.5369 0.5369 
67.5000 0.5440 0.5440 
67.6000 0.5510 0.5510 
67.7000 0.5580 0.5580 
67.8000 0.5649 0.5649 
67.9000 0.5717 0.5717 
68.0000 0.5784 0.5784 
68.1000 0.5851 0.5851 
68.2000 0.5916 0.5916 
68.3000 0.5981 0.5981 
68.4000 0.6046 0.6046 
68.5000 0.6109 0.6109 
68.6000 0.6172 0.6172 
68.7000 0.6234 0.6234 
68.8000 0.6295 0.6295 
68.9000 0.6355 0.6355 
69.0000 0.6415 0.6415 
69.1000 0.6474 0.6474 
69.2000 0.6532 0.6532 
69.3000 0.6589 0.6589 
69.4000 0.6646 0.6646 
69.5000 0.6701 0.6701 
69.6000 0.6757 0.6757 
69.7000 0.6811 0.6811 
69.8000 0.6865 0.6865 
69.9000 0.6917 0.6917 
70.0000 0.6970 0.6970 
70.1000 0.7021 0.7021 
70.2000 0.7072 0.7072 
70.3000 0.7122 0.7122 
70.4000 0.7171 0.7171 
70.5000 0.7220 0.7220 
70.6000 0.7267 0.7267 
70.7000 0.7315 0.7315 
70.8000 0.7361 0.7361 
70.9000 0.7407 0.7407 
71.0000 0.7452 0.7452 
71.1000 0.7497 0.7497 
71.2000 0.7540 0.7540 
71.3000 0.7490 0.7490 
71.4000 0.7440 0.7440 
71.5000 0.7390 0.7390 
71.6000 0.7340 0.7340 
71.7000 0.7290 0.7290 
71.8000 0.7240 0.7240 
71.9000 0.7190 0.7190 
72.0000 0.7140 0.7140 
72.1000 0.7090 0.7090 
72.2000 0.7040 0.7040 
72.3000 0.6990 0.6990 
72.4000 0.6940 0.6940 
72.5000 0.6890 0.6890 
72.6000 0.6840 0.6840 
72.7000 0.6790 0.6790 
72.8000 0.6740 0.6740 
72.9000 0.6690 0.6690 
73.0000 0.6640 0.6640 
73.1000 0.6590 0.6590 
73.2000 0.6540 0.6540 
73.3000 0.6490 0.6490 
73.4000 0.6440 0.6440 
73.5000 0.6390 0.6390 
73.6000 0.6340 0.6340 
73.7000 0.6290 0.6290 
73.8000 0.6240 0.6240 
73.9000 0.6190 0.6190 
74.0000 0.6140 0.6140 
74.1000 0.6090 0.6090 
74.2000 0.6040 0.6040 
74.3000 0.5990 0.5990 
74.4000 0.5940 0.5940 
74.5000 0.5890 0.5890 
74.6000 0.5840 0.5840 
74.7000 0.5790 0.5790 
74.8000 0.5740 0.5740 
74.9000 0.5690 0.5690 
75.0000 0.5640 0.5640 
75.1000 0.5590 0.5590 
75.2000 0.5540 0.5540 
75.3000 0.5490 0.5490 
75.4000 0.5440 0.5440 
75.5000 0.5390 0.5390 
75.6000 0.5340 0.5340 
75.7000 0.5290 0.5290 
75.8000 0.5240 0.5240 
75.9000 0.5190 0.5190 
76.0000 0.5140 0.5140 
76.1000 0.5090 0.5090 
76.2000 0.5040 0.5040 
76.3000 0.4990 0.4990 
76.4000 0.4940 0.4940 
76.5000 0.4890 0.4890 
76.6000 0.4840 0.4840 
76.7000 0.4790 0.4790 
76.8000 0.4740 0.4740 
76.9000 0.4690 0.4690 
77.0000 0.4640 0.4640 
77.1000 0.4590 0.4590 
77.2000 0.4540 0.4540 
77.3000 0.4490 0.4490 
77.4000 0.4440 0.4440 
77.5000 0.4390 0.4390 
77.6000 0.4340 0.4340 
77.7000 0.4290 0.4290 
77.8000 0.4240 0.4240 
77.9000 0.4190 0.4190 
78.0000 0.4140 0.4140 
78.1000 0.4090 0.4090 
78.2000 0.4040 0.4040 
78.3000 0.3990 0.3990 
78.4000 0.3940 0.3940 
78.5000 0.3890 0.3890 
78.6000 0.3840 0.3840 
78.7000 0.3790 0.3790 
78.8000 0.3740 0.3740 
78.9000 0.3690 0.3690 
79.0000 0.3640 0.3640 
79.1000 0.3590 0.3590 
79.2000 0.3540 0.3540 
79.3000 0.3490 0.3490 
79.4000 0.3440 0.3440 
79.5000 0.3390 0.3390 
79.6000 0.3340 0.3340 
79.7000 0.3290 0.3290 
79.8000 0.3240 0.3240 
79.9000 0.3190 0.3190 
80.0000 0.3140 0.3140 
80.1000 0.3090 0.3090 
80.2000 0.3040 0.3040 
80.3000 0.2990 0.2990 
80.4000 0.2940 0.2940 
80.5000 0.2890 0.2890 
80.6000 0.2840 0.2840 
80.7000 0.2790 0.2790 
80.8000 0.2740 0.2740 
80.9000 0.2690 0.2690 
81.0000 0.2640 0.2640 
81.1000 0.2590 0.2590 
81.2000 0.2540 0.2540 
81.3000 0.2490 0.2490 
81.4000 0.2440 0.2440 
81.5000 0.2390 0.2390 
81.6000 0.2340 0.2340 
81.7000 0.2290 0.2290 
81.8000 0.2240 0.2240 
81.9000 0.2190 0.2190 
82.0000 0.2140 0.2140 
82.1000 0.2090 0.2090 
82.2000 0.2040 0.2040 
82.3000 0.1990 0.1990 
82.4000 0.1940 0.1940 
82.5000 0.1890 0.1890 
82.6000 0.1840 0.1840 
82.7000 0.1790 0.1790 
82.8000 0.1740 0.1740 
82.9000 0.1690 0.1690 
83.0000 0.1640 0.1640 
83.1000 0.1590 0.1590 
83.2000 0.1540 0.1540 
83.3000 0.1490 0.1490 
83.4000 0.1440 0.1440 
83.5000 0.1390 0.1390 
83.6000 0.1340 0.1340 
83.7000 0.1290 0.1290 
83.8000 0.1240 0.1240 
83.9000 0.1190 0.1190 
84.0000 0.1140 0.1140 
84.1000 0.1090 0.1090 
84.2000 0.1040 0.1040 
84.3000 0.0990 0.0990 
84.4000 0.0940 0.0940 
84.5000 0.0890 0.0890 
84.6000 0.0840 0.0840 
84.7000 0.0790 0.0790 
84.8000 0.0740 0.0740 
84.9000 0.0690 0.0690 
85.0000 0.0640 0.0640 
85.1000 0.0590 0.0590 
85.2000 0.0540 0.0540 
85.3000 0.0490 0.0490 
85.4000 0.0440 0.0440 
85.5000 0.0390 0.0390 
85.6000 0.0340 0.0340 
85.7000 0.0290 0.0290 
85.8000 0.0240 0.0240 
85.9000 0.0190 0.0190 
86.0000 0.0140 0.0140 
86.1000 0.0090 0.0090 
86.2000 0.0040 0.0040 
86.3000 0.0000 0.0000 
86.4000 0.0000 0.0000 
86.5000 0.0000 0.0000 
86.6000 0.0000 0.0000 
86.7000 0.0000 0.0000 
86.8000 0.0000 0.0000 
86.9000 0.0000 0.0000 
87.0000 0.0000 0.0000 
87.1000 0.0000 0.0000 
87.2000 0.0000 0.0000 
87.3000 0.0000 0.0000 
87.4000 0.0000 0.0000 
87.5000 0.0000 0.0000 
87.6000 0.0000 0.0000 
87.7000 0.0000 0.0000 
87.8000 0.0000 0.0000 
87.9000 0.0000 0.0000 
88.0000 0.0000 0.0000 
88.1000 0.0000 0.0000 
88.2000 0.0000 0.0000 
88.3000 0.0000 0.0000 
88.4000 0.0000 0.0000 
88.5000 0.0000 0.0000 
88.6000 0.0000 0.0000 
88.7000 0.0000 0.0000 
88.8000 0.0000 0.0000 
88.9000 0.0000 0.0000 
89.0000 0.0000 0.0000 
89.1000 0.0000 0.0000 
89.2000 0.0000 0.0000 
89.3000 0.0000 0.0000 
89.4000 0.0000 0.0000 
89.5000 0.0000 0.0000 
89.6000 0.0000 0.0000 
89.7000 0.0000 0.0000 
89.8000 0.0000 0.0000 
89.9000 0.0000 0.0000 
90.0000 0.0000 0.0000 
90.1000 0.0000 0.0000 
90.2000 0.0000 0.0000 
90.3000 0.0000 0.0000 
90.4000 0.0000 0.0000 
90.5000 0.0000 0.0000 
90.6000 0.0000 0.0000 
90.7000 0.0000 0.0000 
90.8000 0.0000 0.0000 
90.9000 0.0000 0.0000 
91.0000 0.0000 0.0000 
91.1000 0.0000 0.0000 
91.2000 0.0000 0.0000 
91.3000 0.0000 0.0000 
91.4000 0.0000 0.0000 
91.5000 0.0000 0.0000 
91.6000 0.0000 0.0000 
91.7000 0.0000 0.0000 
91.8000 0.0000 0.0000 
91.9000 0.0000 0.0000 
92.0000 0.0000 0.0000 
92.1000 0.0000 0.0000 
92.2000 0.0000 0.0000 
92.3000 0.0000 0.0000 
92.4000 0.0000 0.0000 
92.5000 0.0000 0.0000 
92.6000 0.0000 0.0000 
92.7000 0.0000 0.0000 
92.8000 0.0000 0.0000 
92.9000 0.0000 0.0000 
93.0000 0.0000 0.0000 
93.1000 0.0000 0.0000 
93.2000 0.0000 0.0000 
93.3000 0.0000 0.0000 
93.4000 0.0000 0.0000 
93.5000 0.0000 0.0000 
93.6000 0.0000 0.0000 
93.7000 0.0000 0.0000 
93.8000 0.0000 0.0000 
93.9000 0.0000 0.0000 
94.0000 0.0000 0.0000 
94.1000 0.0000 0.0000 
94.2000 0.0000 0.0000 
94.3000 0.0000 0.0000 
94.4000 0.0000 0.0000 
94.5000 0.0000 0.0000 
94.6000 0.0000 0.0000 
94.7000 0.0000 0.0000 
94.8000 0.0000 0.0000 
94.9000 0.0000 0.0000 
95.0000 0.0000 0.0000 
95.1000 0.0000 0.0000 
95.2000 0.0000 0.0000 
95.3000 0.0000 0.0000 
95.4000 0.0000 0.0000 
95.5000 0.0000 0.0000 
95.6000 0.0000 0.0000 
95.7000 0.0000 0.0000 
95.8000 0.0000 0.0000 
95.9000 0.0000 0.0000 
96.0000 0.0000 0.0000 
96.1000 0.0000 0.0000 
96.2000 0.0000 0.0000 
96.3000 0.0000 0.0000 
96.4000 0.0000 0.0000 
96.5000 0.0000 0.0000 
96.6000 0.0000 0.0000 
96.7000 0.0000 0.0000 
96.8000 0.0000 0.0000 
96.9000 0.0000 0.0000 
97.0000 0.0000 0.0000 
97.1000 0.0000 0.0000 
97.2000 0.0000 0.0000 
97.3000 0.0000 0.0000 
97.4000 0.0000 0.0000 
97.5000 0.0000 0.0000 
97.6000 0.0000 0.0000 
97.7000 0.0000 0.0000 
97.8000 0.0000 0.0000 
97.9000 0.0000 0.0000 
98.0000 0.0000 0.0000 
98.1000 0.0000 0.0000 
98.2000 0.0000 0.0000 
98.3000 0.0000 0.0000 
98.4000 0.0000 0.0000 
98.5000 0.0000 0.0000 
98.6000 0.0000 0.0000 
98.7000 0.0000 0.0000 
98.8000 0.0000 0.0000 
98.9000 0.0000 0.0000 
99.0000 0.0000 0.0000 
99.1000 0.0000 0.0000 
99.2000 0.0000 0.0000 
99.3000 0.0000 0.0000 
99.4000 0.0000 0.0000 
99.5000 0.0000 0.0000 
99.6000 0.0000 0.0000 
99.7000 0.0000 0.0000 
99.8000 0.0000 0.0000 
99.9000 0.0000 0.0000 
100.0000 0.0000 0.0000 
100.1000 0.0000 0.0000 
100.2000 0.0000 0.0000 
100.3000 0.0000 0.0000 
100.4000 0.0000 0.0000 
100.5000 0.0000 0.0000 
100.6000 0.0000 0.0000 
100.7000 0.0000 0.0000 
100.8000 0.0000 0.0000 
100.9000 0.0000 0.0000 
101.0000 0.0000 0.0000 
101.1000 0.0000 0.0000 
101.2000 0.0000 0.0000 
101.3000 0.0000 0.0000 
101.4000 0.0000 0.0000 
101.5000 0.0000 0.0000 
101.6000 0.0000 0.0000 
101.7000 0.0000 0.0000 
101.8000 0.0000 0.0000 
101.9000 0.0000 0.0000 
102.0000 0.0000 0.0000 
102.1000 0.0000 0.0000 
102.2000 0.0000 0.0000 
102.3000 0.0000 0.0000 
102.4000 0.0000 0.0000 
102.5000 0.0000 0.0000 
102.6000 0.0000 0.0000 
102.7000 0.0000 0.0000 
102.8000 0.0000 0.0000 
102.9000 0.0000 0.0000 
103.0000 0.0000 0.0000 
103.1000 0.0000 0.0000 
103.2000 0.0000 0.0000 
103.3000 0.0000 0.0000 
103.4000 0.0000 0.0000 
103.5000 0.0000 0.0000 
103.6000 0.0000 0.0000 
103.7000 0.0000 0.0000 
103.8000 0.0000 0.0000 
103.9000 0.0000 0.0000 
104.0000 0.0000 0.0000 
104.1000 0.0000 0.0000 
104.2000 0.0000 0.0000 
104.3000 0.0000 0.0000 
104.4000 0.0000 0.0000 
104.5000 0.0000 0.0000 
104.6000 0.0000 0.0000 
104.7000 0.0000 0.0000 
104.8000 0.0000 0.0000 
104.9000 0.0000 0.0000 
105.0000 0.0100 0.0100 
105.1000 0.0200 0.0200 
105.2000 0.0300 0.0300 
105.3000 0.0400 0.0400 
105.4000 0.0500 0.0500 
105.5000 0.0599 0.0599 
105.6000 0.0699 0.0699 
105.7000 0.0799 0.0799 
105.8000 0.0898 0.0898 
105.9000 0.0997 0.0997 
106.0000 0.1096 0.1096 
106.1000 0.1195 0.1195 
106.2000 0.1294 0.1294 
106.3000 0.1392 0.1392 
106.4000 0.1490 0.1490 
106.5000 0.1588 0.1588 
106.6000 0.1685 0.1685 
106.7000 0.1782 0.1782 
106.8000 0.1879 0.1879 
106.9000 0.1976 0.1976 
107.0000 0.2072 0.2072 
107.1000 0.2167 0.2167 
107.2000 0.2263 0.2263 
107.3000 0.2358 0.2358 
107.4000 0.2452 0.2452 
107.5000 0.2546 0.2546 
107.6000 0.2640 0.2640 
107.7000 0.2733 0.2733 
107.8000 0.2825 0.2825 
107.9000 0.2917 0.2917 
108.0000 0.3009 0.3009 
108.1000 0.3100 0.3100 
108.2000 0.3190 0.3190 
108.3000 0.3280 0.3280 
108.4000 0.3369 0.3369 
108.5000 0.3458 0.3458 
108.6000 0.3546 0.3546 
108.7000 0.3633 0.3633 
108.8000 0.3720 0.3720 
108.9000 0.3806 0.3806 
109.0000 0.3892 0.3892 
109.1000 0.3977 0.3977 
109.2000 0.4061 0.4061 
109.3000 0.4144 0.4144 
109.4000 0.4227 0.4227 
109.5000 0.4309 0.4309 
109.6000 0.4391 0.4391 
109.7000 0.4471 0.4471 
109.8000 0.4551 0.4551 
109.9000 0.4631 0.4631 
110.0000 0.4709 0.4709 
110.1000 0.4787 0.4787 
110.2000 0.4864 0.4864 
110.3000 0.4940 0.4940 
110.4000 0.5016 0.5016 
110.5000 0.5091 0.5091 
110.6000 0.5165 0.5165 
110.7000 0.5238 0.5238 
110.8000 0.5311 0.5311 
110.9000 0.5383 0.5383 
111.0000 0.5454 0.5454 
111.1000 0.5524 0.5524 
111.2000 0.5593 0.5593 
111.3000 0.5662 0.5662 
111.4000 0.5730 0.5730 
111.5000 0.5797 0.5797 
111.6000 0.5864 0.5864 
111.7000 0.5929 0.5929 
111.8000 0.5994 0.5994 
111.9000 0.5944 0.5944 
112.0000 0.5894 0.5894 
112.1000 0.5844 0.5844 
112.2000 0.5794 0.5794 
112.3000 0.5744 0.5744 
112.4000 0.5694 0.5694 
112.5000 0.5644 0.5644 
112.6000 0.5594 0.5594 
112.7000 0.5544 0.5544 
112.8000 0.5494 0.5494 
112.9000 0.5444 0.5444 
113.0000 0.5394 0.5394 
113.1000 0.5344 0.5344 
113.2000 0.5294 0.5294 
113.3000 0.5244 0.5244 
113.4000 0.5194 0.5194 
113.5000 0.5144 0.5144 
113.6000 0.5094 0.5094 
113.7000 0.5044 0.5044 
113.8000 0.4994 0.4994 
113.9000 0.4944 0.4944 
114.0000 0.4894 0.4894 
114.1000 0.4844 0.4844 
114.2000 0.4794 0.4794 
114.3000 0.4744 0.4744 
114.4000 0.4694 0.4694 
114.5000 0.4644 0.4644 
114.6000 0.4594 0.4594 
114.7000 0.4544 0.4544 
114.8000 0.4494 0.4494 
114.9000 0.4444 0.4444 
115.0000 0.4394 0.4394 
115.1000 0.4344 0.4344 
115.2000 0.4294 0.4294 
115.3000 0.4244 0.4244 
115.4000 0.4194 0.4194 
115.5000 0.4144 0.4144 
115.6000 0.4094 0.4094 
115.7000 0.4044 0.4044 
115.8000 0.3994 0.3994 
115.9000 0.3944 0.3944 
116.0000 0.3894 0.3894 
116.1000 0.3844 0.3844 
116.2000 0.3794 0.3794 
116.3000 0.3744 0.3744 
116.4000 0.3694 0.3694 
116.5000 0.3644 0.3644 
116.6000 0.3594 0.3594 
116.7000 0.3544 0.3544 
116.8000 0.3494 0.3494 
116.9000 0.3444 0.3444 
117.0000 0.3394 0.3394 
117.1000 0.3344 0.3344 
117.2000 0.3294 0.3294 
117.3000 0.3244 0.3244 
117.4000 0.3194 0.3194 
117.5000 0.3144 0.3144 
117.6000 0.3094 0.3094 
117.7000 0.3044 0.3044 
117.8000 0.2994 0.2994 
117.9000 0.2944 0.2944 
118.0000 0.2894 0.2894 
118.1000 0.2844 0.2844 
118.2000 0.2794 0.2794 
118.3000 0.2744 0.2744 
118.4000 0.2694 0.2694 
118.5000 0.2644 0.2644 
118.6000 0.2594 0.2594 
118.7000 0.2544 0.2544 
118.8000 0.2494 0.2494 
118.9000 0.2444 0.2444 
119.0000 0.2394 0.2394 
119.1000 0.2344 0.2344 
119.2000 0.2294 0.2294 
119.3000 0.2244 0.2244 
119.4000 0.2339 0.2339 
119.5000 0.2434 0.2434 
119.6000 0.2528 0.2528 
119.7000 0.2621 0.2621 
119.8000 0.2714 0.2714 
119.9000 0.2807 0.2807 
120.0000 0.2899 0.2899 
120.1000 0.2991 0.2991 
120.2000 0.3082 0.3082 
120.3000 0.3172 0.3172 
120.4000 0.3262 0.3262 
120.5000 0.3352 0.3352 
120.6000 0.3440 0.3440 
120.7000 0.3528 0.3528 
120.8000 0.3616 0.3616 
120.9000 0.3703 0.3703 
121.0000 0.3789 0.3789 
121.1000 0.3875 0.3875 
121.2000 0.3960 0.3960 
121.3000 0.4044 0.4044 
121.4000 0.4128 0.4128 
121.5000 0.4211 0.4211 
121.6000 0.4293 0.4293 
121.7000 0.4375 0.4375 
121.8000 0.4456 0.4456 
121.9000 0.4536 0.4536 
122.0000 0.4615 0.4615 
122.1000 0.4694 0.4694 
122.2000 0.4772 0.4772 
122.3000 0.4849 0.4849 
122.4000 0.4925 0.4925 
122.5000 0.5001 0.5001 
122.6000 0.5076 0.5076 
122.7000 0.5150 0.5150 
122.8000 0.5224 0.5224 
122.9000 0.5297 0.5297 
123.0000 0.5369 0.5369 
123.1000 0.5440 0.5440 
123.2000 0.5510 0.5510 
123.3000 0.5580 0.5580 
123.4000 0.5649 0.5649 
123.5000 0.5717 0.5717 
123.6000 0.5784 0.5784 
123.7000 0.5851 0.5851 
123.8000 0.5916 0.5916 
123.9000 0.5981 0.5981 
124.0000 0.6046 0.6046 
124.1000 0.6109 0.6109 
124.2000 0.6172 0.6172 
124.3000 0.6234 0.6234 
124.4000 0.6295 0.6295 
124.5000 0.6355 0.6355 
124.6000 0.6415 0.6415 
124.7000 0.6474 0.6474 
124.8000 0.6532 0.6532 
124.9000 0.6589 0.6589 
125.0000 0.6646 0.6646 
125.1000 0.6701 0.6701 
125.2000 0.6757 0.6757 
125.3000 0.6811 0.6811 
125.4000 0.6865 0.6865 
125.5000 0.6917 0.6917 
125.6000 0.6970 0.6970 
125.7000 0.7021 0.7021 
125.8000 0.7072 0.7072 
125.9000 0.7122 0.7122 
126.0000 0.7171 0.7171 
126.1000 0.7220 0.7220 
126.2000 0.7267 0.7267 
126.3000 0.7315 0.7315 
126.4000 0.7361 0.7361 
126.5000 0.7407 0.7407 
126.6000 0.7452 0.7452 
126.7000 0.7497 0.7497 
126.8000 0.7540 0.7540 
126.9000 0.7583 0.7583 
127.0000 0.7533 0.7533 
127.1000 0.7483 0.7483 
127.2000 0.7433 0.7433 
127.3000 0.7383 0.7383 
127.4000 0.7333 0.7333 
127.5000 0.7283 0.7283 
127.6000 0.7233 0.7233 
127.7000 0.7183 0.7183 
127.8000 0.7133 0.7133 
127.9000 0.7083 0.7083 
128.0000 0.7033 0.7033 
128.1000 0.6983 0.6983 
128.2000 0.6933 0.6933 
128.3000 0.6883 0.6883 
128.4000 0.6833 0.6833 
128.5000 0.6783 0.6783 
128.6000 0.6733 0.6733 
128.7000 0.6683 0.6683 
128.8000 0.6633 0.6633 
128.9000 0.6583 0.6583 
129.0000 0.6533 0.6533 
129.1000 0.6483 0.6483 
129.2000 0.6433 0.6433 
129.3000 0.6383 0.6383 
129.4000 0.6333 0.6333 
129.5000 0.6283 0.6283 
129.6000 0.6233 0.6233 
129.7000 0.6183 0.6183 
129.8000 0.6133 0.6133 
129.9000 0.6083 0.6083 
130.0000 0.6033 0.6033 
130.1000 0.5983 0.5983 
130.2000 0.5933 0.5933 
130.3000 0.5883 0.5883 
130.4000 0.5833 0.5833 
130.5000 0.5783 0.5783 
130.6000 0.5733 0.5733 
130.7000 0.5683 0.5683 
130.8000 0.5633 0.5633 
130.9000 0.5583 0.5583 
131.0000 0.5533 0.5533 
131.1000 0.5483 0.5483 
131.2000 0.5433 0.5433 
131.3000 0.5383 0.5383 
131.4000 0.5333 0.5333 
131.5000 0.5283 0.5283 
131.6000 0.5233 0.5233 
131.7000 0.5183 0.5183 
131.8000 0.5133 0.5133 
131.9000 0.5083 0.5083 
132.0000 0.5033 0.5033 
132.1000 0.4983 0.4983 
132.2000 0.4933 0.4933 
132.3000 0.4883 0.4883 
132.4000 0.4833 0.4833 
132.5000 0.4783 0.4783 
132.6000 0.4733 0.4733 
132.7000 0.4683 0.4683 
132.8000 0.4633 0.4633 
132.9000 0.4583 0.4583 
133.0000 0.4533 0.4533 
133.1000 0.4483 0.4483 
133.2000 0.4433 0.4433 
133.3000 0.4383 0.4383 
133.4000 0.4333 0.4333 
133.5000 0.4283 0.4283 
133.6000 0.4233 0.4233 
133.7000 0.4183 0.4183 
133.8000 0.4133 0.4133 
133.9000 0.4083 0.4083 
134.0000 0.4033 0.4033 
134.1000 0.3983 0.3983 
134.2000 0.3933 0.3933 
134.3000 0.3883 0.3883 
134.4000 0.3833 0.3833 
134.5000 0.3783 0.3783 
134.6000 0.3733 0.3733 
134.7000 0.3683 0.3683 
134.8000 0.3633 0.3633 
134.9000 0.3583 0.3583 
135.0000 0.3533 0.3533 
135.1000 0.3483 0.3483 
135.2000 0.3433 0.3433 
135.3000 0.3383 0.3383 
135.4000 0.3333 0.3333 
135.5000 0.3283 0.3283 
135.6000 0.3233 0.3233 
135.7000 0.3183 0.3183 
135.8000 0.3133 0.3133 
135.9000 0.3083 0.3083 
136.0000 0.3033 0.3033 
136.1000 0.2983 0.2983 
136.2000 0.2933 0.2933 
136.3000 0.2883 0.2883 
136.4000 0.2833 0.2833 
136.5000 0.2783 0.2783 
136.6000 0.2733 0.2733 
136.7000 0.2683 0.2683 
136.8000 0.2633 0.2633 
136.9000 0.2583 0.2583 
137.0000 0.2533 0.2533 
137.1000 0.2483 0.2483 
137.2000 0.2433 0.2433 
137.3000 0.2383 0.2383 
137.4000 0.2333 0.2333 
137.5000 0.2283 0.2283 
137.6000 0.2233 0.2233 
137.7000 0.2183 0.2183 
137.8000 0.2133 0.2133 
137.9000 0.2083 0.2083 
138.0000 0.2033 0.2033 
138.1000 0.1983 0.1983 
138.2000 0.1933 0.1933 
138.3000 0.1883 0.1883 
138.4000 0.1833 0.1833 
138.5000 0.1783 0.1783 
138.6000 0.1733 0.1733 
138.7000 0.1683 0.1683 
138.8000 0.1633 0.1633 
138.9000 0.1583 0.1583 
139.0000 0.1533 0.1533 
139.1000 0.1483 0.1483 
139.2000 0.1433 0.1433 
139.3000 0.1383 0.1383 
139.4000 0.1333 0.1333 
139.5000 0.1283 0.1283 
139.6000 0.1233 0.1233 
139.7000 0.1183 0.1183 
139.8000 0.1133 0.1133 
139.9000 0.1083 0.1083 
140.0000 0.1033 0.1033 
140.1000 0.0983 0.0983 
140.2000 0.0933 0.0933 
140.3000 0.0883 0.0883 
140.4000 0.0833 0.0833 
140.5000 0.0783 0.0783 
140.6000 0.0733 0.0733 
140.7000 0.0683 0.0683 
140.8000 0.0633 0.0633 
140.9000 0.0583 0.0583 
141.0000 0.0533 0.0533 
141.1000 0.0483 0.0483 
141.2000 0.0433 0.0433 
141.3000 0.0383 0.0383 
141.4000 0.0333 0.0333 
141.5000 0.0283 0.0283 
141.6000 0.0233 0.0233 
141.7000 0.0183 0.0183 
141.8000 0.0133 0.0133 
141.9000 0.0083 0.0083 
142.0000 0.0033 0.0033 
142.1000 0.0000 0.0000 
142.2000 0.0000 0.0000 
142.3000 0.0000 0.0000 
142.4000 0.0000 0.0000 
142.5000 0.0000 0.0000 
142.6000 0.0000 0.0000 
142.7000 0.0000 0.0000 
142.8000 0.0000 0.0000 
142.9000 0.0000 0.0000 
143.0000 0.0000 0.0000 
143.1000 0.0000 0.0000 
143.2000 0.0000 0.0000 
143.3000 0.0000 0.0000 
143.4000 0.0000 0.0000 
143.5000 0.0000 0.0000 
143.6000 0.0000 0.0000 
143.7000 0.0000 0.0000 
143.8000 0.0000 0.0000 
143.9000 0.0000 0.0000 
144.0000 0.0000 0.0000 
144.1000 0.0000 0.0000 
144.2000 0.0000 0.0000 
144.3000 0.0000 0.0000 
144.4000 0.0000 0.0000 
144.5000 0.0000 0.0000 
144.6000 0.0000 0.0000 
144.7000 0.0000 0.0000 
144.8000 0.0000 0.0000 
144.9000 0.0000 0.0000 
145.0000 0.0000 0.0000 
145.1000 0.0000 0.0000 
145.2000 0.0000 0.0000 
145.3000 0.0000 0.0000 
145.4000 0.0000 0.0000 
145.5000 0.0000 0.0000 
145.6000 0.0000 0.0000 
145.7000 0.0000 0.0000 
145.8000 0.0000 0.0000 
145.9000 0.0000 0.0000 
146.0000 0.0000 0.0000 
146.1000 0.0000 0.0000 
146.2000 0.0000 0.0000 
146.3000 0.0000 0.0000 
146.4000 0.0000 0.0000 
146.5000 0.0000 0.0000 
146.6000 0.0000 0.0000 
146.7000 0.0000 0.0000 
146.8000 0.0000 0.0000 
146.9000 0.0000 0.0000 
147.0000 0.0000 0.0000 
147.1000 0.0000 0.0000 
147.2000 0.0000 0.0000 
147.3000 0.0000 0.0000 
147.4000 0.0000 0.0000 
147.5000 0.0000 0.0000 
147.6000 0.0000 0.0000 
147.7000 0.0000 0.0000 
147.8000 0.0000 0.0000 
147.9000 0.0000 0.0000 
148.0000 0.0000 0.0000 
148.1000 0.0000 0.0000 
148.2000 0.0000 0.0000 
148.3000 0.0000 0.0000 
148.4000 0.0000 0.0000 
148.5000 0.0000 0.0000 
148.6000 0.0000 0.0000 
148.7000 0.0000 0.0000 
148.8000 0.0000 0.0000 
148.9000 0.0000 0.0000 
149.0000 0.0000 0.0000 
149.1000 0.0000 0.0000 
149.2000 0.0000 0.0000 
149.3000 0.0000 0.0000 
149.4000 0.0000 0.0000 
149.5000 0.0000 0.0000 
149.6000 0.0000 0.0000 
149.7000 0.0000 0.0000 
149.8000 0.0000 0.0000 
149.9000 0.0000 0.0000 
150.0000 0.0000 0.0000 
150.1000 0.0000 0.0000 
150.2000 0.0000 0.0000 
150.3000 0.0000 0.0000 
150.4000 0.0000 0.0000 
150.5000 0.0000 0.0000 
150.6000 0.0000 0.0000 
150.7000 0.0000 0.0000 
150.8000 0.0000 0.0000 
150.9000 0.0000 0.0000 
151.0000 0.0000 0.0000 
151.1000 0.0000 0.0000 
151.2000 0.0000 0.0000 
151.3000 0.0000 0.0000 
151.4000 0.0000 0.0000 
151.5000 0.0000 0.0000 
151.6000 0.0000 0.0000 
151.7000 0.0000 0.0000 
151.8000 0.0000 0.0000 
151.9000 0.0000 0.0000 
152.0000 0.0000 0.0000 
152.1000 0.0000 0.0000 
152.2000 0.0000 0.0000 
152.3000 0.0000 0.0000 
152.4000 0.0000 0.0000 
152.5000 0.0000 0.0000 
152.6000 0.0000 0.0000 
152.7000 0.0000 0.0000 
152.8000 0.0000 0.0000 
152.9000 0.0000 0.0000 
153.0000 0.0000 0.0000 
153.1000 0.0000 0.0000 
153.2000 0.0000 0.0000 
153.3000 0.0000 0.0000 
153.4000 0.0000 0.0000 
153.5000 0.0000 0.0000 
153.6000 0.0000 0.0000 
153.7000 0.0000 0.0000 
153.8000 0.0000 0.0000 
153.9000 0.0000 0.0000 
154.0000 0.0000 0.0000 
154.1000 0.0000 0.0000 
154.2000 0.0000 0.0000 
154.3000 0.0000 0.0000 
154.4000 0.0000 0.0000 
154.5000 0.0000 0.0000 
154.6000 0.0000 0.0000 
154.7000 0.0000 0.0000 
154.8000 0.0000 0.0000 
154.9000 0.0000 0.0000 
155.0000 0.0000 0.0000 
155.1000 0.0000 0.0000 
155.2000 0.0000 0.0000 
155.3000 0.0000 0.0000 
155.4000 0.0000 0.0000 
155.5000 0.0000 0.0000 
155.6000 0.0000 0.0000 
155.7000 0.0000 0.0000 
155.8000 0.0000 0.0000 
155.9000 0.0000 0.0000 
156.0000 0.0000 0.0000 
156.1000 0.0000 0.0000 
156.2000 0.0000 0.0000 
156.3000 0.0000 0.0000 
156.4000 0.0000 0.0000 
156.5000 0.0000 0.0000 
156.6000 0.0000 0.0000 
156.7000 0.0000 0.0000 
156.8000 0.0000 0.0000 
156.9000 0.0000 0.0000 
157.0000 0.0000 0.0000 
157.1000 0.0000 0.0000 
157.2000 0.0000 0.0000 
157.3000 0.0000 0.0000 
157.4000 0.0000 0.0000 
157.5000 0.0000 0.0000 
157.6000 0.0000 0.0000 
157.7000 0.0000 0.0000 
157.8000 0.0000 0.0000 
157.9000 0.0000 0.0000 
158.0000 0.0000 0.0000 
158.1000 0.0000 0.0000 
158.2000 0.0000 0.0000 
158.3000 0.0000 0.0000 
158.4000 0.0000 0.0000 
158.5000 0.0000 0.0000 
158.6000 0.0000 0.0000 
158.7000 0.0000 0.0000 
158.8000 0.0000 0.0000 
158.9000 0.0000 0.0000 
159.0000 0.0000 0.0000 
159.1000 0.0000 0.0000 
159.2000 0.0000 0.0000 
159.3000 0.0000 0.0000 
159.4000 0.0000 0.0000 
159.5000 0.0000 0.0000 
159.6000 0.0000 0.0000 
159.7000 0.0000 0.0000 
159.8000 0.0000 0.0000 
159.9000 0.0000 0.0000 
160.0000 0.0000 0.0000 
160.1000 0.0000 0.0000 
160.2000 0.0000 0.0000 
160.3000 0.0000 0.0000 
160.4000 0.0000 0.0000 
160.5000 0.0000 0.0000 
160.6000 0.0000 0.0000 
160.7000 0.0000 0.0000 
160.8000 0.0100 0.0100 
160.9000 0.0200 0.0200 
161.0000 0.0300 0.0300 
161.1000 0.0400 0.0400 
161.2000 0.0500 0.0500 
161.3000 0.0599 0.0599 
161.4000 0.0699 0.0699 
161.5000 0.0799 0.0799 
161.6000 0.0898 0.0898 
161.7000 0.0997 0.0997 
161.8000 0.1096 0.1096 
161.9000 0.1195 0.1195 
162.0000 0.1294 0.1294 
162.1000 0.1392 0.1392 
162.2000 0.1490 0.1490 
162.3000 0.1588 0.1588 
162.4000 0.1685 0.1685 
162.5000 0.1782 0.1782 
162.6000 0.1879 0.1879 
162.7000 0.1976 0.1976 
162.8000 0.2072 0.2072 
162.9000 0.2167 0.2167 
163.0000 0.2263 0.2263 
163.1000 0.2358 0.2358 
163.2000 0.2452 0.2452 
163.3000 0.2546 0.2546 
163.4000 0.2640 0.2640 
163.5000 0.2733 0.2733 
163.6000 0.2825 0.2825 
163.7000 0.2917 0.2917 
163.8000 0.3009 0.3009 
163.9000 0.3100 0.3100 
164.0000 0.3190 0.3190 
164.1000 0.3280 0.3280 
164.2000 0.3369 0.3369 
164.3000 0.3458 0.3458 
164.4000 0.3546 0.3546 
164.5000 0.3633 0.3633 
164.6000 0.3720 0.3720 
164.7000 0.3806 0.3806 
164.8000 0.3892 0.3892 
164.9000 0.3977 0.3977 
165.0000 0.4061 0.4061 
165.1000 0.4144 0.4144 
165.2000 0.4227 0.4227 
165.3000 0.4309 0.4309 
165.4000 0.4391 0.4391 
165.5000 0.4471 0.4471 
165.6000 0.4551 0.4551 
165.7000 0.4631 0.4631 
165.8000 0.4709 0.4709 
165.9000 0.4787 0.4787 
166.0000 0.4864 0.4864 
166.1000 0.4940 0.4940 
166.2000 0.5016 0.5016 
166.3000 0.5091 0.5091 
166.4000 0.5165 0.5165 
166.5000 0.5238 0.5238 
166.6000 0.5311 0.5311 
166.7000 0.5383 0.5383 
166.8000 0.5454 0.5454 
166.9000 0.5524 0.5524 
167.0000 0.5593 0.5593 
167.1000 0.5662 0.5662 
167.2000 0.5730 0.5730 
167.3000 0.5797 0.5797 
167.4000 0.5864 0.5864 
167.5000 0.5929 0.5929 
167.6000 0.5879 0.5879 
167.7000 0.5829 0.5829 
167.8000 0.5779 0.5779 
167.9000 0.5729 0.5729 
168.0000 0.5679 0.5679 
168.1000 0.5629 0.5629 
168.2000 0.5579 0.5579 
168.3000 0.5529 0.5529 
168.4000 0.5479 0.5479 
168.5000 0.5429 0.5429 
168.6000 0.5379 0.5379 
168.7000 0.5329 0.5329 
168.8000 0.5279 0.5279 
168.9000 0.5229 0.5229 
169.0000 0.5179 0.5179 
169.1000 0.5129 0.5129 
169.2000 0.5079 0.5079 
169.3000 0.5029 0.5029 
169.4000 0.4979 0.4979 
169.5000 0.4929 0.4929 
169.6000 0.4879 0.4879 
169.7000 0.4829 0.4829 
169.8000 0.4779 0.4779 
169.9000 0.4729 0.4729 
170.0000 0.4679 0.4679 
170.1000 0.4629 0.4629 
170.2000 0.4579 0.4579 
170.3000 0.4529 0.4529 
170.4000 0.4479 0.4479 
170.5000 0.4429 0.4429 
170.6000 0.4379 0.4379 
170.7000 0.4329 0.4329 
170.8000 0.4279 0.4279 
170.9000 0.4229 0.4229 
171.0000 0.4179 0.4179 
171.1000 0.4129 0.4129 
171.2000 0.4079 0.4079 
171.3000 0.4029 0.4029 
171.4000 0.3979 0.3979 
171.5000 0.3929 0.3929 
171.6000 0.3879 0.3879 
171.7000 0.3829 0.3829 
171.8000 0.3779 0.3779 
171.9000 0.3729 0.3729 
172.0000 0.3679 0.3679 
172.1000 0.3629 0.3629 
172.2000 0.3579 0.3579 
172.3000 0.3529 0.3529 
172.4000 0.3479 0.3479 
172.5000 0.3429 0.3429 
172.6000 0.3379 0.3379 
172.7000 0.3329 0.3329 
172.8000 0.3279 0.3279 
172.9000 0.3229 0.3229 
173.0000 0.3179 0.3179 
173.1000 0.3129 0.3129 
173.2000 0.3079 0.3079 
173.3000 0.3029 0.3029 
173.4000 0.2979 0.2979 
173.5000 0.2929 0.2929 
173.6000 0.2879 0.2879 
173.7000 0.2829 0.2829 
173.8000 0.2779 0.2779 
173.9000 0.2729 0.2729 
174.0000 0.2679 0.2679 
174.1000 0.2629 0.2629 
174.2000 0.2579 0.2579 
174.3000 0.2529 0.2529 
174.4000 0.2479 0.2479 
174.5000 0.2429 0.2429 
174.6000 0.2379 0.2379 
174.7000 0.2329 0.2329 
174.8000 0.2279 0.2279 
174.9000 0.2229 0.2229 
175.0000 0.2179 0.2179 
175.1000 0.2129 0.2129 
175.2000 0.2225 0.2225 
175.3000 0.2320 0.2320 
175.4000 0.2414 0.2414 
175.5000 0.2509 0.2509 
175.6000 0.2602 0.2602 
175.7000 0.2695 0.2695 
175.8000 0.2788 0.2788 
175.9000 0.2880 0.2880 
176.0000 0.2972 0.2972 
176.1000 0.3063 0.3063 
176.2000 0.3154 0.3154 
176.3000 0.3244 0.3244 
176.4000 0.3333 0.3333 
176.5000 0.3422 0.3422 
176.6000 0.3511 0.3511 
176.7000 0.3598 0.3598 
176.8000 0.3685 0.3685 
176.9000 0.3772 0.3772 
177.0000 0.3858 0.3858 
177.1000 0.3943 0.3943 
177.2000 0.4027 0.4027 
177.3000 0.4111 0.4111 
177.4000 0.4194 0.4194 
177.5000 0.4276 0.4276 
177.6000 0.4358 0.4358 
177.7000 0.4439 0.4439 
177.8000 0.4519 0.4519 
177.9000 0.4599 0.4599 
178.0000 0.4678 0.4678 
178.1000 0.4756 0.4756 
178.2000 0.4833 0.4833 
178.3000 0.4910 0.4910 
178.4000 0.4986 0.4986 
178.5000 0.5061 0.5061 
178.6000 0.5135 0.5135 
178.7000 0.5209 0.5209 
178.8000 0.5282 0.5282 
178.9000 0.5354 0.5354 
179.0000 0.5425 0.5425 
179.1000 0.5496 0.5496 
179.2000 0.5566 0.5566 
179.3000 0.5635 0.5635 
179.4000 0.5703 0.5703 
179.5000 0.5770 0.5770 
179.6000 0.5837 0.5837 
179.7000 0.5903 0.5903 
179.8000 0.5968 0.5968 
179.9000 0.6033 0.6033 
180.0000 0.6096 0.6096 
180.1000 0.6159 0.6159 
180.2000 0.6221 0.6221 
180.3000 0.6282 0.6282 
180.4000 0.6343 0.6343 
180.5000 0.6403 0.6403 
180.6000 0.6462 0.6462 
180.7000 0.6520 0.6520 
180.8000 0.6577 0.6577 
180.9000 0.6634 0.6634 
181.0000 0.6690 0.6690 
181.1000 0.6745 0.6745 
181.2000 0.6800 0.6800 
181.3000 0.6854 0.6854 
181.4000 0.6907 0.6907 
181.5000 0.6959 0.6959 
181.6000 0.7011 0.7011 
181.7000 0.7061 0.7061 
181.8000 0.7112 0.7112 
181.9000 0.7161 0.7161 
182.0000 0.7210 0.7210 
182.1000 0.7258 0.7258 
182.2000 0.7305 0.7305 
182.3000 0.7352 0.7352 
182.4000 0.7398 0.7398 
182.5000 0.7443 0.7443 
182.6000 0.7393 0.7393 
182.7000 0.7343 0.7343 
182.8000 0.7293 0.7293 
182.9000 0.7243 0.7243 
183.0000 0.7193 0.7193 
183.1000 0.7143 0.7143 
183.2000 0.7093 0.7093 
183.3000 0.7043 0.7043 
183.4000 0.6993 0.6993 
183.5000 0.6943 0.6943 
183.6000 0.6893 0.6893 
183.7000 0.6843 0.6843 
183.8000 0.6793 0.6793 
183.9000 0.6743 0.6743 
184.0000 0.6693 0.6693 
184.1000 0.6643 0.6643 
184.2000 0.6593 0.6593 
184.3000 0.6543 0.6543 
184.4000 0.6493 0.6493 
184.5000 0.6443 0.6443 
184.6000 0.6393 0.6393 
184.7000 0.6343 0.6343 
184.8000 0.6293 0.6293 
184.9000 0.6243 0.6243 
185.0000 0.6193 0.6193 
185.1000 0.6143 0.6143 
185.2000 0.6093 0.6093 
185.3000 0.6043 0.6043 
185.4000 0.5993 0.5993 
185.5000 0.5943 0.5943 
185.6000 0.5893 0.5893 
185.7000 0.5843 0.5843 
185.8000 0.5793 0.5793 
185.9000 0.5743 0.5743 
186.0000 0.5693 0.5693 
186.1000 0.5643 0.5643 
186.2000 0.5593 0.5593 
186.3000 0.5543 0.5543 
186.4000 0.5493 0.5493 
186.5000 0.5443 0.5443 
186.6000 0.5393 0.5393 
186.7000 0.5343 0.5343 
186.8000 0.5293 0.5293 
186.9000 0.5243 0.5243 
187.0000 0.5193 0.5193 
187.1000 0.5143 0.5143 
187.2000 0.5093 0.5093 
187.3000 0.5043 0.5043 
187.4000 0.4993 0.4993 
187.5000 0.4943 0.4943 
187.6000 0.4893 0.4893 
187.7000 0.4843 0.4843 
187.8000 0.4793 0.4793 
187.9000 0.4743 0.4743 
188.0000 0.4693 0.4693 
188.1000 0.4643 0.4643 
188.2000 0.4593 0.4593 
188.3000 0.4543 0.4543 
188.4000 0.4493 0.4493 
188.5000 0.4443 0.4443 
188.6000 0.4393 0.4393 
188.7000 0.4343 0.4343 
188.8000 0.4293 0.4293 
188.9000 0.4243 0.4243 
189.0000 0.4193 0.4193 
189.1000 0.4143 0.4143 
189.2000 0.4093 0.4093 
189.3000 0.4043 0.4043 
189.4000 0.3993 0.3993 
189.5000 0.3943 0.3943 
189.6000 0.3893 0.3893 
189.7000 0.3843 0.3843 
189.8000 0.3793 0.3793 
189.9000 0.3743 0.3743 
190.0000 0.3693 0.3693 
190.1000 0.3643 0.3643 
190.2000 0.3593 0.3593 
190.3000 0.3543 0.3543 
190.4000 0.3493 0.3493 
190.5000 0.3443 0.3443 
190.6000 0.3393 0.3393 
190.7000 0.3343 0.3343 
190.8000 0.3293 0.3293 
190.9000 0.3243 0.3243 
191.0000 0.3193 0.3193 
191.1000 0.3143 0.3143 
191.2000 0.3093 0.3093 
191.3000 0.3043 0.3043 
191.4000 0.2993 0.2993 
191.5000 0.2943 0.2943 
191.6000 0.2893 0.2893 
191.7000 0.2843 0.2843 
191.8000 0.2793 0.2793 
191.9000 0.2743 0.2743 
192.0000 0.2693 0.2693 
192.1000 0.2643 0.2643 
192.2000 0.2593 0.2593 
192.3000 0.2543 0.2543 
192.4000 0.2493 0.2493 
192.5000 0.2443 0.2443 
192.6000 0.2393 0.2393 
192.7000 0.2343 0.2343 
192.8000 0.2293 0.2293 
192.9000 0.2243 0.2243 
193.0000 0.2193 0.2193 
193.1000 0.2143 0.2143 
193.2000 0.2093 0.2093 
193.3000 0.2043 0.2043 
193.4000 0.1993 0.1993 
193.5000 0.1943 0.1943 
193.6000 0.1893 0.1893 
193.7000 0.1843 0.1843 
193.8000 0.1793 0.1793 
193.9000 0.1743 0.1743 
194.0000 0.1693 0.1693 
194.1000 0.1643 0.1643 
194.2000 0.1593 0.1593 
194.3000 0.1543 0.1543 
194.4000 0.1493 0.1493 
194.5000 0.1443 0.1443 
194.6000 0.1393 0.1393 
194.7000 0.1343 0.1343 
194.8000 0.1293 0.1293 
194.9000 0.1243 0.1243 
195.0000 0.1193 0.1193 
195.1000 0.1143 0.1143 
195.2000 0.1093 0.1093 
195.3000 0.1043 0.1043 
195.4000 0.0993 0.0993 
195.5000 0.0943 0.0943 
195.6000 0.0893 0.0893 
195.7000 0.0843 0.0843 
195.8000 0.0793 0.0793 
195.9000 0.0743 0.0743 
196.0000 0.0693 0.0693 
196.1000 0.0643 0.0643 
196.2000 0.0593 0.0593 
196.3000 0.0543 0.0543 
196.4000 0.0493 0.0493 
196.5000 0.0443 0.0443 
196.6000 0.0393 0.0393 
196.7000 0.0343 0.0343 
196.8000 0.0293 0.0293 
196.9000 0.0243 0.0243 
197.0000 0.0193 0.0193 
197.1000 0.0143 0.0143 
197.2000 0.0093 0.0093 
197.3000 0.0043 0.0043 
197.4000 0.0000 0.0000 
197.5000 0.0000 0.0000 
197.6000 0.0000 0.0000 
197.7000 0.0000 0.0000 
197.8000 0.0000 0.0000 
197.9000 0.0000 0.0000 
198.0000 0.0000 0.0000 
198.1000 0.0000 0.0000 
198.2000 0.0000 0.0000 
198.3000 0.0000 0.0000 
198.4000 0.0000 0.0000 
198.5000 0.0000 0.0000 
198.6000 0.0000 0.0000 
198.7000 0.0000 0.0000 
198.8000 0.0000 0.0000 
198.9000 0.0000 0.0000 
199.0000 0.0000 0.0000 
199.1000 0.0000 0.0000 
199.2000 0.0000 0.0000 
199.3000 0.0000 0.0000 
199.4000 0.0000 0.0000 
199.5000 0.0000 0.0000 
199.6000 0.0000 0.0000 
199.7000 0.0000 0.0000 
199.8000 0.0000 0.0000 
199.9000 0.0000 0.0000 
200.0000 0.0000 0.0000 
200.1000 0.0000 0.0000 
200.2000 0.0000 0.0000 
