0.0000 0.9950 0.9950 
0.1000 0.9900 0.9900 
0.2000 0.9850 0.9850 
0.3000 0.9800 0.9800 
0.4000 0.9750 0.9750 
0.5000 0.9700 0.9700 
0.6000 0.9650 0.9650 
0.7000 0.9600 0.9600 
0.8000 0.9550 0.9550 
0.9000 0.9500 0.9500 
1.0000 0.9450 0.9450 
1.1000 0.9400 0.9400 
1.2000 0.9350 0.9350 
1.3000 0.9300 0.9300 
1.4000 0.9250 0.9250 
1.5000 0.9200 0.9200 
1.6000 0.9150 0.9150 
1.7000 0.9100 0.9100 
1.8000 0.9050 0.9050 
1.9000 0.9000 0.9000 
2.0000 0.8950 0.8950 
2.1000 0.8900 0.8900 
2.2000 0.8850 0.8850 
2.3000 0.8800 0.8800 
2.4000 0.8750 0.8750 
2.5000 0.8700 0.8700 
2.6000 0.8650 0.8650 
2.7000 0.8600 0.8600 
2.8000 0.8550 0.8550 
2.9000 0.8500 0.8500 
3.0000 0.8450 0.8450 
3.1000 0.8400 0.8400 
3.2000 0.8350 0.8350 
3.3000 0.8300 0.8300 
3.4000 0.8250 0.8250 
3.5000 0.8200 0.8200 
3.6000 0.8150 0.8150 
3.7000 0.8100 0.8100 
3.8000 0.8050 0.8050 
3.9000 0.8000 0.8000 
4.0000 0.7950 0.7950 
4.1000 0.7900 0.7900 
4.2000 0.7850 0.7850 
4.3000 0.7800 0.7800 
4.4000 0.7750 0.7750 
4.5000 0.7700 0.7700 
4.6000 0.7650 0.7650 
4.7000 0.7600 0.7600 
4.8000 0.7550 0.7550 
4.9000 0.7500 0.7500 
5.0000 0.7450 0.7450 
5.1000 0.7400 0.7400 
5.2000 0.7350 0.7350 
5.3000 0.7300 0.7300 
5.4000 0.7250 0.7250 
5.5000 0.7200 0.7200 
5.6000 0.7150 0.7150 
5.7000 0.7100 0.7100 
5.8000 0.7050 0.7050 
5.9000 0.7000 0.7000 
6.0000 0.6950 0.6950 
6.1000 0.6900 0.6900 
6.2000 0.6850 0.6850 
6.3000 0.6800 0.6800 
6.4000 0.6750 0.6750 
6.5000 0.6700 0.6700 
6.6000 0.6650 0.6650 
6.7000 0.6600 0.6600 
6.8000 0.6550 0.6550 
6.9000 0.6500 0.6500 
7.0000 0.6450 0.6450 
7.1000 0.6400 0.6400 
7.2000 0.6350 0.6350 
7.3000 0.6300 0.6300 
7.4000 0.6250 0.6250 
7.5000 0.6200 0.6200 
7.6000 0.6150 0.6150 
7.7000 0.6100 0.6100 
7.8000 0.6050 0.6050 
7.9000 0.6000 0.6000 
8.0000 0.5950 0.5950 
8.1000 0.5900 0.5900 
8.2000 0.5850 0.5850 
8.3000 0.5800 0.5800 
8.4000 0.5750 0.5750 
8.5000 0.5700 0.5700 
8.6000 0.5650 0.5650 
8.7000 0.5600 0.5600 
8.8000 0.5550 0.5550 
8.9000 0.5500 0.5500 
9.0000 0.5450 0.5450 
9.1000 0.5400 0.5400 
9.2000 0.5350 0.5350 
9.3000 0.5300 0.5300 
9.4000 0.5250 0.5250 
9.5000 0.5200 0.5200 
9.6000 0.5150 0.5150 
9.7000 0.5100 0.5100 
9.8000 0.5050 0.5050 
9.9000 0.5000 0.5000 
10.0000 0.4950 0.4950 
10.1000 0.4900 0.4900 
10.2000 0.4850 0.4850 
10.3000 0.4800 0.4800 
10.4000 0.4750 0.4750 
10.5000 0.4700 0.4700 
10.6000 0.4650 0.4650 
10.7000 0.4600 0.4600 
10.8000 0.4550 0.4550 
10.9000 0.4500 0.4500 
11.0000 0.4450 0.4450 
11.1000 0.4400 0.4400 
11.2000 0.4350 0.4350 
11.3000 0.4300 0.4300 
11.4000 0.4250 0.4250 
11.5000 0.4200 0.4200 
11.6000 0.4150 0.4150 
11.7000 0.4100 0.4100 
11.8000 0.4050 0.4050 
11.9000 0.4000 0.4000 
12.0000 0.3950 0.3950 
12.1000 0.3900 0.3900 
12.2000 0.3850 0.3850 
12.3000 0.3800 0.3800 
12.4000 0.3750 0.3750 
12.5000 0.3700 0.3700 
12.6000 0.3650 0.3650 
12.7000 0.3600 0.3600 
12.8000 0.3550 0.3550 
12.9000 0.3500 0.3500 
13.0000 0.3450 0.3450 
13.1000 0.3400 0.3400 
13.2000 0.3350 0.3350 
13.3000 0.3300 0.3300 
13.4000 0.3250 0.3250 
13.5000 0.3200 0.3200 
13.6000 0.3150 0.3150 
13.7000 0.3100 0.3100 
13.8000 0.3050 0.3050 
13.9000 0.3000 0.3000 
14.0000 0.2950 0.2950 
14.1000 0.2900 0.2900 
14.2000 0.2850 0.2850 
14.3000 0.2800 0.2800 
14.4000 0.2750 0.2750 
14.5000 0.2700 0.2700 
14.6000 0.2650 0.2650 
14.7000 0.2600 0.2600 
14.8000 0.2550 0.2550 
14.9000 0.2500 0.2500 
15.0000 0.2450 0.2450 
15.1000 0.2400 0.2400 
15.2000 0.2350 0.2350 
15.3000 0.2300 0.2300 
15.4000 0.2250 0.2250 
15.5000 0.2200 0.2200 
15.6000 0.2150 0.2150 
15.7000 0.2100 0.2100 
15.8000 0.2050 0.2050 
15.9000 0.2000 0.2000 
16.0000 0.1950 0.1950 
16.1000 0.1900 0.1900 
16.2000 0.1850 0.1850 
16.3000 0.1800 0.1800 
16.4000 0.1750 0.1750 
16.5000 0.1700 0.1700 
16.6000 0.1650 0.1650 
16.7000 0.1600 0.1600 
16.8000 0.1550 0.1550 
16.9000 0.1500 0.1500 
17.0000 0.1450 0.1450 
17.1000 0.1400 0.1400 
17.2000 0.1350 0.1350 
17.3000 0.1300 0.1300 
17.4000 0.1250 0.1250 
17.5000 0.1200 0.1200 
17.6000 0.1150 0.1150 
17.7000 0.1100 0.1100 
17.8000 0.1050 0.1050 
17.9000 0.1000 0.1000 
18.0000 0.0950 0.0950 
18.1000 0.0900 0.0900 
18.2000 0.0850 0.0850 
18.3000 0.0800 0.0800 
18.4000 0.0750 0.0750 
18.5000 0.0700 0.0700 
18.6000 0.0650 0.0650 
18.7000 0.0600 0.0600 
18.8000 0.0550 0.0550 
18.9000 0.0500 0.0500 
19.0000 0.0450 0.0450 
19.1000 0.0400 0.0400 
19.2000 0.0350 0.0350 
19.3000 0.0300 0.0300 
19.4000 0.0250 0.0250 
19.5000 0.0200 0.0200 
19.6000 0.0150 0.0150 
19.7000 0.0100 0.0100 
19.8000 0.0050 0.0050 
19.9000 0.0000 0.0000 
20.0000 0.0000 0.0000 
20.1000 0.0000 0.0000 
20.2000 0.0000 0.0000 
20.3000 0.0000 0.0000 
20.4000 0.0000 0.0000 
20.5000 0.0000 0.0000 
20.6000 0.0000 0.0000 
20.7000 0.0000 0.0000 
20.8000 0.0000 0.0000 
20.9000 0.0000 0.0000 
21.0000 0.0000 0.0000 
21.1000 0.0000 0.0000 
21.2000 0.0000 0.0000 
21.3000 0.0000 0.0000 
21.4000 0.0000 0.0000 
21.5000 0.0000 0.0000 
21.6000 0.0000 0.0000 
21.7000 0.0000 0.0000 
21.8000 0.0000 0.0000 
21.9000 0.0000 0.0000 
22.0000 0.0000 0.0000 
22.1000 0.0000 0.0000 
22.2000 0.0000 0.0000 
22.3000 0.0000 0.0000 
22.4000 0.0000 0.0000 
22.5000 0.0000 0.0000 
22.6000 0.0000 0.0000 
22.7000 0.0000 0.0000 
22.8000 0.0000 0.0000 
22.9000 0.0000 0.0000 
23.0000 0.0000 0.0000 
23.1000 0.0000 0.0000 
23.2000 0.0000 0.0000 
23.3000 0.0000 0.0000 
23.4000 0.0000 0.0000 
23.5000 0.0000 0.0000 
23.6000 0.0100 0.0100 
23.7000 0.0200 0.0200 
23.8000 0.0300 0.0300 
23.9000 0.0400 0.0400 
24.0000 0.0500 0.0500 
24.1000 0.0599 0.0599 
24.2000 0.0699 0.0699 
24.3000 0.0799 0.0799 
24.4000 0.0898 0.0898 
24.5000 0.0997 0.0997 
24.6000 0.1096 0.1096 
24.7000 0.1195 0.1195 
24.8000 0.1294 0.1294 
24.9000 0.1392 0.1392 
25.0000 0.1490 0.1490 
25.1000 0.1588 0.1588 
25.2000 0.1685 0.1685 
25.3000 0.1782 0.1782 
25.4000 0.1879 0.1879 
25.5000 0.1976 0.1976 
25.6000 0.2072 0.2072 
25.7000 0.2167 0.2167 
25.8000 0.2263 0.2263 
25.9000 0.2358 0.2358 
26.0000 0.2452 0.2452 
26.1000 0.2546 0.2546 
26.2000 0.2640 0.2640 
26.3000 0.2733 0.2733 
26.4000 0.2825 0.2825 
26.5000 0.2917 0.2917 
26.6000 0.2867 0.2867 
26.7000 0.2817 0.2817 
26.8000 0.2767 0.2767 
26.9000 0.2717 0.2717 
27.0000 0.2667 0.2667 
27.1000 0.2617 0.2617 
27.2000 0.2567 0.2567 
27.3000 0.2517 0.2517 
27.4000 0.2467 0.2467 
27.5000 0.2417 0.2417 
27.6000 0.2367 0.2367 
27.7000 0.2317 0.2317 
27.8000 0.2267 0.2267 
27.9000 0.2217 0.2217 
28.0000 0.2167 0.2167 
28.1000 0.2117 0.2117 
28.2000 0.2067 0.2067 
28.3000 0.2017 0.2017 
28.4000 0.1967 0.1967 
28.5000 0.1917 0.1917 
28.6000 0.1867 0.1867 
28.7000 0.1817 0.1817 
28.8000 0.1767 0.1767 
28.9000 0.1717 0.1717 
29.0000 0.1667 0.1667 
29.1000 0.1617 0.1617 
29.2000 0.1567 0.1567 
29.3000 0.1517 0.1517 
29.4000 0.1467 0.1467 
29.5000 0.1417 0.1417 
29.6000 0.1367 0.1367 
29.7000 0.1317 0.1317 
29.8000 0.1267 0.1267 
29.9000 0.1217 0.1217 
30.0000 0.1167 0.1167 
30.1000 0.1117 0.1117 
30.2000 0.1067 0.1067 
30.3000 0.1017 0.1017 
30.4000 0.0967 0.0967 
30.5000 0.0917 0.0917 
30.6000 0.0867 0.0867 
30.7000 0.0817 0.0817 
30.8000 0.0767 0.0767 
30.9000 0.0717 0.0717 
31.0000 0.0667 0.0667 
31.1000 0.0617 0.0617 
31.2000 0.0567 0.0567 
31.3000 0.0517 0.0517 
31.4000 0.0467 0.0467 
31.5000 0.0417 0.0417 
31.6000 0.0367 0.0367 
31.7000 0.0317 0.0317 
31.8000 0.0267 0.0267 
31.9000 0.0217 0.0217 
32.0000 0.0167 0.0167 
32.1000 0.0117 0.0117 
32.2000 0.0067 0.0067 
32.3000 0.0017 0.0017 
32.4000 0.0000 0.0000 
32.5000 0.0000 0.0000 
32.6000 0.0000 0.0000 
32.7000 0.0000 0.0000 
32.8000 0.0000 0.0000 
32.9000 0.0000 0.0000 
33.0000 0.0000 0.0000 
33.1000 0.0000 0.0000 
33.2000 0.0000 0.0000 
33.3000 0.0000 0.0000 
33.4000 0.0000 0.0000 
33.5000 0.0000 0.0000 
33.6000 0.0000 0.0000 
33.7000 0.0000 0.0000 
33.8000 0.0000 0.0000 
33.9000 0.0000 0.0000 
34.0000 0.0000 0.0000 
34.1000 0.0000 0.0000 
34.2000 0.0000 0.0000 
34.3000 0.0000 0.0000 
34.4000 0.0000 0.0000 
34.5000 0.0000 0.0000 
34.6000 0.0000 0.0000 
34.7000 0.0000 0.0000 
34.8000 0.0000 0.0000 
34.9000 0.0000 0.0000 
35.0000 0.0000 0.0000 
35.1000 0.0000 0.0000 
35.2000 0.0000 0.0000 
35.3000 0.0000 0.0000 
35.4000 0.0000 0.0000 
35.5000 0.0000 0.0000 
35.6000 0.0000 0.0000 
35.7000 0.0000 0.0000 
35.8000 0.0000 0.0000 
35.9000 0.0100 0.0100 
36.0000 0.0200 0.0200 
36.1000 0.0300 0.0300 
36.2000 0.0400 0.0400 
36.3000 0.0500 0.0500 
36.4000 0.0599 0.0599 
36.5000 0.0699 0.0699 
36.6000 0.0799 0.0799 
36.7000 0.0898 0.0898 
36.8000 0.0997 0.0997 
36.9000 0.1096 0.1096 
37.0000 0.1195 0.1195 
37.1000 0.1294 0.1294 
37.2000 0.1392 0.1392 
37.3000 0.1490 0.1490 
37.4000 0.1588 0.1588 
37.5000 0.1685 0.1685 
37.6000 0.1782 0.1782 
37.7000 0.1879 0.1879 
37.8000 0.1976 0.1976 
37.9000 0.2072 0.2072 
38.0000 0.2167 0.2167 
38.1000 0.2263 0.2263 
38.2000 0.2358 0.2358 
38.3000 0.2452 0.2452 
38.4000 0.2546 0.2546 
38.5000 0.2640 0.2640 
38.6000 0.2733 0.2733 
38.7000 0.2825 0.2825 
38.8000 0.2917 0.2917 
38.9000 0.3009 0.3009 
39.0000 0.3100 0.3100 
39.1000 0.3190 0.3190 
39.2000 0.3280 0.3280 
39.3000 0.3369 0.3369 
39.4000 0.3458 0.3458 
39.5000 0.3546 0.3546 
39.6000 0.3633 0.3633 
39.7000 0.3720 0.3720 
39.8000 0.3806 0.3806 
39.9000 0.3892 0.3892 
40.0000 0.3977 0.3977 
40.1000 0.4061 0.4061 
40.2000 0.4144 0.4144 
40.3000 0.4227 0.4227 
40.4000 0.4309 0.4309 
40.5000 0.4391 0.4391 
40.6000 0.4471 0.4471 
40.7000 0.4551 0.4551 
40.8000 0.4631 0.4631 
40.9000 0.4709 0.4709 
41.0000 0.4787 0.4787 
41.1000 0.4864 0.4864 
41.2000 0.4940 0.4940 
41.3000 0.5016 0.5016 
41.4000 0.5091 0.5091 
41.5000 0.5165 0.5165 
41.6000 0.5238 0.5238 
41.7000 0.5311 0.5311 
41.8000 0.5383 0.5383 
41.9000 0.5454 0.5454 
42.0000 0.5524 0.5524 
42.1000 0.5593 0.5593 
42.2000 0.5662 0.5662 
42.3000 0.5730 0.5730 
42.4000 0.5797 0.5797 
42.5000 0.5864 0.5864 
42.6000 0.5929 0.5929 
42.7000 0.5994 0.5994 
42.8000 0.6058 0.6058 
42.9000 0.6121 0.6121 
43.0000 0.6184 0.6184 
43.1000 0.6246 0.6246 
43.2000 0.6307 0.6307 
43.3000 0.6367 0.6367 
43.4000 0.6426 0.6426 
43.5000 0.6376 0.6376 
43.6000 0.6326 0.6326 
43.7000 0.6276 0.6276 
43.8000 0.6226 0.6226 
43.9000 0.6176 0.6176 
44.0000 0.6126 0.6126 
44.1000 0.6076 0.6076 
44.2000 0.6026 0.6026 
44.3000 0.5976 0.5976 
44.4000 0.5926 0.5926 
44.5000 0.5876 0.5876 
44.6000 0.5826 0.5826 
44.7000 0.5776 0.5776 
44.8000 0.5726 0.5726 
44.9000 0.5676 0.5676 
45.0000 0.5626 0.5626 
45.1000 0.5576 0.5576 
45.2000 0.5526 0.5526 
45.3000 0.5476 0.5476 
45.4000 0.5426 0.5426 
45.5000 0.5376 0.5376 
45.6000 0.5326 0.5326 
45.7000 0.5276 0.5276 
45.8000 0.5226 0.5226 
45.9000 0.5176 0.5176 
46.0000 0.5126 0.5126 
46.1000 0.5076 0.5076 
46.2000 0.5026 0.5026 
46.3000 0.4976 0.4976 
46.4000 0.4926 0.4926 
46.5000 0.4876 0.4876 
46.6000 0.4826 0.4826 
46.7000 0.4776 0.4776 
46.8000 0.4726 0.4726 
46.9000 0.4676 0.4676 
47.0000 0.4626 0.4626 
47.1000 0.4576 0.4576 
47.2000 0.4526 0.4526 
47.3000 0.4476 0.4476 
47.4000 0.4426 0.4426 
47.5000 0.4376 0.4376 
47.6000 0.4326 0.4326 
47.7000 0.4276 0.4276 
47.8000 0.4226 0.4226 
47.9000 0.4176 0.4176 
48.0000 0.4126 0.4126 
48.1000 0.4076 0.4076 
48.2000 0.4026 0.4026 
48.3000 0.3976 0.3976 
48.4000 0.3926 0.3926 
48.5000 0.3876 0.3876 
48.6000 0.3826 0.3826 
48.7000 0.3776 0.3776 
48.8000 0.3726 0.3726 
48.9000 0.3676 0.3676 
49.0000 0.3626 0.3626 
49.1000 0.3576 0.3576 
49.2000 0.3526 0.3526 
49.3000 0.3476 0.3476 
49.4000 0.3426 0.3426 
49.5000 0.3376 0.3376 
49.6000 0.3326 0.3326 
49.7000 0.3276 0.3276 
49.8000 0.3226 0.3226 
49.9000 0.3176 0.3176 
50.0000 0.3126 0.3126 
50.1000 0.3076 0.3076 
50.2000 0.3026 0.3026 
50.3000 0.2976 0.2976 
50.4000 0.2926 0.2926 
50.5000 0.2876 0.2876 
50.6000 0.2826 0.2826 
50.7000 0.2776 0.2776 
50.8000 0.2726 0.2726 
50.9000 0.2676 0.2676 
51.0000 0.2626 0.2626 
51.1000 0.2576 0.2576 
51.2000 0.2526 0.2526 
51.3000 0.2476 0.2476 
51.4000 0.2426 0.2426 
51.5000 0.2376 0.2376 
51.6000 0.2326 0.2326 
51.7000 0.2276 0.2276 
51.8000 0.2226 0.2226 
51.9000 0.2176 0.2176 
52.0000 0.2126 0.2126 
52.1000 0.2076 0.2076 
52.2000 0.2026 0.2026 
52.3000 0.1976 0.1976 
52.4000 0.1926 0.1926 
52.5000 0.1876 0.1876 
52.6000 0.1826 0.1826 
52.7000 0.1776 0.1776 
52.8000 0.1726 0.1726 
52.9000 0.1676 0.1676 
53.0000 0.1626 0.1626 
53.1000 0.1576 0.1576 
53.2000 0.1526 0.1526 
53.3000 0.1476 0.1476 
53.4000 0.1426 0.1426 
53.5000 0.1376 0.1376 
53.6000 0.1326 0.1326 
53.7000 0.1276 0.1276 
53.8000 0.1226 0.1226 
53.9000 0.1176 0.1176 
54.0000 0.1126 0.1126 
54.1000 0.1076 0.1076 
54.2000 0.1026 0.1026 
54.3000 0.0976 0.0976 
54.4000 0.0926 0.0926 
54.5000 0.0876 0.0876 
54.6000 0.0826 0.0826 
54.7000 0.0776 0.0776 
54.8000 0.0726 0.0726 
54.9000 0.0676 0.0676 
55.0000 0.0626 0.0626 
55.1000 0.0576 0.0576 
55.2000 0.0526 0.0526 
55.3000 0.0476 0.0476 
55.4000 0.0426 0.0426 
55.5000 0.0376 0.0376 
55.6000 0.0326 0.0326 
55.7000 0.0276 0.0276 
55.8000 0.0226 0.0226 
55.9000 0.0176 0.0176 
56.0000 0.0126 0.0126 
56.1000 0.0076 0.0076 
56.2000 0.0026 0.0026 
56.3000 0.0000 0.0000 
56.4000 0.0000 0.0000 
56.5000 0.0000 0.0000 
56.6000 0.0000 0.0000 
56.7000 0.0000 0.0000 
56.8000 0.0000 0.0000 
56.9000 0.0000 0.0000 
57.0000 0.0000 0.0000 
57.1000 0.0000 0.0000 
57.2000 0.0000 0.0000 
57.3000 0.0000 0.0000 
57.4000 0.0000 0.0000 
57.5000 0.0000 0.0000 
57.6000 0.0000 0.0000 
57.7000 0.0000 0.0000 
57.8000 0.0000 0.0000 
57.9000 0.0000 0.0000 
58.0000 0.0000 0.0000 
58.1000 0.0000 0.0000 
58.2000 0.0000 0.0000 
58.3000 0.0000 0.0000 
58.4000 0.0000 0.0000 
58.5000 0.0000 0.0000 
58.6000 0.0000 0.0000 
58.7000 0.0000 0.0000 
58.8000 0.0000 0.0000 
58.9000 0.0000 0.0000 
59.0000 0.0000 0.0000 
59.1000 0.0000 0.0000 
59.2000 0.0000 0.0000 
59.3000 0.0000 0.0000 
59.4000 0.0000 0.0000 
59.5000 0.0000 0.0000 
59.6000 0.0000 0.0000 
59.7000 0.0000 0.0000 
59.8000 0.0000 0.0000 
59.9000 0.0000 0.0000 
60.0000 0.0000 0.0000 
60.1000 0.0000 0.0000 
60.2000 0.0000 0.0000 
60.3000 0.0000 0.0000 
60.4000 0.0000 0.0000 
60.5000 0.0000 0.0000 
60.6000 0.0000 0.0000 
60.7000 0.0000 0.0000 
60.8000 0.0000 0.0000 
60.9000 0.0000 0.0000 
61.0000 0.0000 0.0000 
61.1000 0.0000 0.0000 
61.2000 0.0000 0.0000 
61.3000 0.0000 0.0000 
61.4000 0.0000 0.0000 
61.5000 0.0000 0.0000 
61.6000 0.0000 0.0000 
61.7000 0.0000 0.0000 
61.8000 0.0000 0.0000 
61.9000 0.0000 0.0000 
62.0000 0.0000 0.0000 
62.1000 0.0000 0.0000 
62.2000 0.0000 0.0000 
62.3000 0.0000 0.0000 
62.4000 0.0000 0.0000 
62.5000 0.0000 0.0000 
62.6000 0.0000 0.0000 
62.7000 0.0000 0.0000 
62.8000 0.0000 0.0000 
62.9000 0.0000 0.0000 
63.0000 0.0000 0.0000 
63.1000 0.0000 0.0000 
63.2000 0.0000 0.0000 
63.3000 0.0000 0.0000 
63.4000 0.0000 0.0000 
63.5000 0.0000 0.0000 
63.6000 0.0000 0.0000 
63.7000 0.0000 0.0000 
63.8000 0.0000 0.0000 
63.9000 0.0000 0.0000 
64.0000 0.0000 0.0000 
64.1000 0.0000 0.0000 
64.2000 0.0000 0.0000 
64.3000 0.0000 0.0000 
64.4000 0.0000 0.0000 
64.5000 0.0000 0.0000 
64.6000 0.0000 0.0000 
64.7000 0.0000 0.0000 
64.8000 0.0000 0.0000 
64.9000 0.0000 0.0000 
65.0000 0.0000 0.0000 
65.1000 0.0000 0.0000 
65.2000 0.0000 0.0000 
65.3000 0.0000 0.0000 
65.4000 0.0000 0.0000 
65.5000 0.0000 0.0000 
65.6000 0.0000 0.0000 
65.7000 0.0000 0.0000 
65.8000 0.0000 0.0000 
65.9000 0.0000 0.0000 
66.0000 0.0000 0.0000 
66.1000 0.0000 0.0000 
66.2000 0.0000 0.0000 
66.3000 0.0000 0.0000 
66.4000 0.0000 0.0000 
66.5000 0.0000 0.0000 
66.6000 0.0000 0.0000 
66.7000 0.0000 0.0000 
66.8000 0.0000 0.0000 
66.9000 0.0000 0.0000 
67.0000 0.0000 0.0000 
67.1000 0.0000 0.0000 
67.2000 0.0000 0.0000 
67.3000 0.0000 0.0000 
67.4000 0.0000 0.0000 
67.5000 0.0000 0.0000 
67.6000 0.0000 0.0000 
67.7000 0.0000 0.0000 
67.8000 0.0000 0.0000 
67.9000 0.0000 0.0000 
68.0000 0.0000 0.0000 
68.1000 0.0000 0.0000 
68.2000 0.0000 0.0000 
68.3000 0.0000 0.0000 
68.4000 0.0000 0.0000 
68.5000 0.0000 0.0000 
68.6000 0.0000 0.0000 
68.7000 0.0000 0.0000 
68.8000 0.0000 0.0000 
68.9000 0.0000 0.0000 
69.0000 0.0000 0.0000 
69.1000 0.0000 0.0000 
69.2000 0.0000 0.0000 
69.3000 0.0000 0.0000 
69.4000 0.0000 0.0000 
69.5000 0.0000 0.0000 
69.6000 0.0000 0.0000 
69.7000 0.0000 0.0000 
69.8000 0.0000 0.0000 
69.9000 0.0000 0.0000 
70.0000 0.0000 0.0000 
70.1000 0.0000 0.0000 
70.2000 0.0000 0.0000 
70.3000 0.0000 0.0000 
70.4000 0.0000 0.0000 
70.5000 0.0000 0.0000 
70.6000 0.0000 0.0000 
70.7000 0.0000 0.0000 
70.8000 0.0000 0.0000 
70.9000 0.0000 0.0000 
71.0000 0.0000 0.0000 
71.1000 0.0000 0.0000 
71.2000 0.0000 0.0000 
71.3000 0.0000 0.0000 
71.4000 0.0000 0.0000 
71.5000 0.0000 0.0000 
71.6000 0.0000 0.0000 
71.7000 0.0000 0.0000 
71.8000 0.0000 0.0000 
71.9000 0.0000 0.0000 
72.0000 0.0000 0.0000 
72.1000 0.0000 0.0000 
72.2000 0.0000 0.0000 
72.3000 0.0000 0.0000 
72.4000 0.0000 0.0000 
72.5000 0.0000 0.0000 
72.6000 0.0000 0.0000 
72.7000 0.0000 0.0000 
72.8000 0.0000 0.0000 
72.9000 0.0000 0.0000 
73.0000 0.0000 0.0000 
73.1000 0.0000 0.0000 
73.2000 0.0000 0.0000 
73.3000 0.0000 0.0000 
73.4000 0.0000 0.0000 
73.5000 0.0000 0.0000 
73.6000 0.0000 0.0000 
73.7000 0.0000 0.0000 
73.8000 0.0000 0.0000 
73.9000 0.0000 0.0000 
74.0000 0.0000 0.0000 
74.1000 0.0000 0.0000 
74.2000 0.0000 0.0000 
74.3000 0.0000 0.0000 
74.4000 0.0000 0.0000 
74.5000 0.0000 0.0000 
74.6000 0.0000 0.0000 
74.7000 0.0000 0.0000 
74.8000 0.0000 0.0000 
74.9000 0.0000 0.0000 
75.0000 0.0000 0.0000 
75.1000 0.0000 0.0000 
75.2000 0.0000 0.0000 
75.3000 0.0000 0.0000 
75.4000 0.0000 0.0000 
75.5000 0.0000 0.0000 
75.6000 0.0000 0.0000 
75.7000 0.0000 0.0000 
75.8000 0.0000 0.0000 
75.9000 0.0000 0.0000 
76.0000 0.0000 0.0000 
76.1000 0.0000 0.0000 
76.2000 0.0000 0.0000 
76.3000 0.0000 0.0000 
76.4000 0.0000 0.0000 
76.5000 0.0000 0.0000 
76.6000 0.0000 0.0000 
76.7000 0.0000 0.0000 
76.8000 0.0000 0.0000 
76.9000 0.0000 0.0000 
77.0000 0.0100 0.0100 
77.1000 0.0200 0.0200 
77.2000 0.0300 0.0300 
77.3000 0.0400 0.0400 
77.4000 0.0500 0.0500 
77.5000 0.0599 0.0599 
77.6000 0.0699 0.0699 
77.7000 0.0799 0.0799 
77.8000 0.0898 0.0898 
77.9000 0.0997 0.0997 
78.0000 0.1096 0.1096 
78.1000 0.1195 0.1195 
78.2000 0.1294 0.1294 
78.3000 0.1392 0.1392 
78.4000 0.1490 0.1490 
78.5000 0.1588 0.1588 
78.6000 0.1685 0.1685 
78.7000 0.1782 0.1782 
78.8000 0.1879 0.1879 
78.9000 0.1976 0.1976 
79.0000 0.2072 0.2072 
79.1000 0.2167 0.2167 
79.2000 0.2263 0.2263 
79.3000 0.2358 0.2358 
79.4000 0.2452 0.2452 
79.5000 0.2546 0.2546 
79.6000 0.2640 0.2640 
79.7000 0.2733 0.2733 
79.8000 0.2825 0.2825 
79.9000 0.2917 0.2917 
80.0000 0.3009 0.3009 
80.1000 0.3100 0.3100 
80.2000 0.3190 0.3190 
80.3000 0.3280 0.3280 
80.4000 0.3369 0.3369 
80.5000 0.3458 0.3458 
80.6000 0.3546 0.3546 
80.7000 0.3633 0.3633 
80.8000 0.3720 0.3720 
80.9000 0.3806 0.3806 
81.0000 0.3892 0.3892 
81.1000 0.3977 0.3977 
81.2000 0.4061 0.4061 
81.3000 0.4144 0.4144 
81.4000 0.4227 0.4227 
81.5000 0.4309 0.4309 
81.6000 0.4391 0.4391 
81.7000 0.4471 0.4471 
81.8000 0.4551 0.4551 
81.9000 0.4631 0.4631 
82.0000 0.4709 0.4709 
82.1000 0.4787 0.4787 
82.2000 0.4864 0.4864 
82.3000 0.4940 0.4940 
82.4000 0.5016 0.5016 
82.5000 0.5091 0.5091 
82.6000 0.5165 0.5165 
82.7000 0.5238 0.5238 
82.8000 0.5311 0.5311 
82.9000 0.5383 0.5383 
83.0000 0.5454 0.5454 
83.1000 0.5524 0.5524 
83.2000 0.5593 0.5593 
83.3000 0.5662 0.5662 
83.4000 0.5730 0.5730 
83.5000 0.5797 0.5797 
83.6000 0.5864 0.5864 
83.7000 0.5929 0.5929 
83.8000 0.5994 0.5994 
83.9000 0.6058 0.6058 
84.0000 0.6121 0.6121 
84.1000 0.6184 0.6184 
84.2000 0.6246 0.6246 
84.3000 0.6307 0.6307 
84.4000 0.6257 0.6257 
84.5000 0.6207 0.6207 
84.6000 0.6157 0.6157 
84.7000 0.6107 0.6107 
84.8000 0.6057 0.6057 
84.9000 0.6007 0.6007 
85.0000 0.5957 0.5957 
85.1000 0.5907 0.5907 
85.2000 0.5857 0.5857 
85.3000 0.5807 0.5807 
85.4000 0.5757 0.5757 
85.5000 0.5707 0.5707 
85.6000 0.5657 0.5657 
85.7000 0.5607 0.5607 
85.8000 0.5557 0.5557 
85.9000 0.5507 0.5507 
86.0000 0.5457 0.5457 
86.1000 0.5407 0.5407 
86.2000 0.5357 0.5357 
86.3000 0.5307 0.5307 
86.4000 0.5257 0.5257 
86.5000 0.5207 0.5207 
86.6000 0.5157 0.5157 
86.7000 0.5107 0.5107 
86.8000 0.5057 0.5057 
86.9000 0.5007 0.5007 
87.0000 0.4957 0.4957 
87.1000 0.4907 0.4907 
87.2000 0.4857 0.4857 
87.3000 0.4807 0.4807 
87.4000 0.4757 0.4757 
87.5000 0.4707 0.4707 
87.6000 0.4657 0.4657 
87.7000 0.4607 0.4607 
87.8000 0.4557 0.4557 
87.9000 0.4507 0.4507 
88.0000 0.4457 0.4457 
88.1000 0.4407 0.4407 
88.2000 0.4357 0.4357 
88.3000 0.4307 0.4307 
88.4000 0.4257 0.4257 
88.5000 0.4207 0.4207 
88.6000 0.4157 0.4157 
88.7000 0.4107 0.4107 
88.8000 0.4057 0.4057 
88.9000 0.4007 0.4007 
89.0000 0.3957 0.3957 
89.1000 0.3907 0.3907 
89.2000 0.3857 0.3857 
89.3000 0.3807 0.3807 
89.4000 0.3757 0.3757 
89.5000 0.3707 0.3707 
89.6000 0.3657 0.3657 
89.7000 0.3607 0.3607 
89.8000 0.3557 0.3557 
89.9000 0.3507 0.3507 
90.0000 0.3457 0.3457 
90.1000 0.3407 0.3407 
90.2000 0.3357 0.3357 
90.3000 0.3307 0.3307 
90.4000 0.3257 0.3257 
90.5000 0.3207 0.3207 
90.6000 0.3157 0.3157 
90.7000 0.3107 0.3107 
90.8000 0.3057 0.3057 
90.9000 0.3007 0.3007 
91.0000 0.2957 0.2957 
91.1000 0.2907 0.2907 
91.2000 0.2857 0.2857 
91.3000 0.2807 0.2807 
91.4000 0.2757 0.2757 
91.5000 0.2707 0.2707 
91.6000 0.2799 0.2799 
91.7000 0.2892 0.2892 
91.8000 0.2983 0.2983 
91.9000 0.3074 0.3074 
92.0000 0.3165 0.3165 
92.1000 0.3255 0.3255 
92.2000 0.3344 0.3344 
92.3000 0.3433 0.3433 
92.4000 0.3521 0.3521 
92.5000 0.3609 0.3609 
92.6000 0.3696 0.3696 
92.7000 0.3782 0.3782 
92.8000 0.3868 0.3868 
92.9000 0.3953 0.3953 
93.0000 0.4037 0.4037 
93.1000 0.4121 0.4121 
93.2000 0.4204 0.4204 
93.3000 0.4286 0.4286 
93.4000 0.4368 0.4368 
93.5000 0.4449 0.4449 
93.6000 0.4529 0.4529 
93.7000 0.4609 0.4609 
93.8000 0.4687 0.4687 
93.9000 0.4765 0.4765 
94.0000 0.4843 0.4843 
94.1000 0.4919 0.4919 
94.2000 0.4995 0.4995 
94.3000 0.5070 0.5070 
94.4000 0.5144 0.5144 
94.5000 0.5218 0.5218 
94.6000 0.5291 0.5291 
94.7000 0.5363 0.5363 
94.8000 0.5434 0.5434 
94.9000 0.5504 0.5504 
95.0000 0.5574 0.5574 
95.1000 0.5643 0.5643 
95.2000 0.5711 0.5711 
95.3000 0.5779 0.5779 
95.4000 0.5845 0.5845 
95.5000 0.5911 0.5911 
95.6000 0.5976 0.5976 
95.7000 0.6040 0.6040 
95.8000 0.6104 0.6104 
95.9000 0.6167 0.6167 
96.0000 0.6229 0.6229 
96.1000 0.6290 0.6290 
96.2000 0.6350 0.6350 
96.3000 0.6410 0.6410 
96.4000 0.6469 0.6469 
96.5000 0.6527 0.6527 
96.6000 0.6584 0.6584 
96.7000 0.6641 0.6641 
96.8000 0.6697 0.6697 
96.9000 0.6752 0.6752 
97.0000 0.6806 0.6806 
97.1000 0.6860 0.6860 
97.2000 0.6913 0.6913 
97.3000 0.6965 0.6965 
97.4000 0.7017 0.7017 
97.5000 0.7068 0.7068 
97.6000 0.7118 0.7118 
97.7000 0.7167 0.7167 
97.8000 0.7216 0.7216 
97.9000 0.7263 0.7263 
98.0000 0.7311 0.7311 
98.1000 0.7357 0.7357 
98.2000 0.7403 0.7403 
98.3000 0.7448 0.7448 
98.4000 0.7493 0.7493 
98.5000 0.7537 0.7537 
98.6000 0.7580 0.7580 
98.7000 0.7622 0.7622 
98.8000 0.7664 0.7664 
98.9000 0.7706 0.7706 
99.0000 0.7656 0.7656 
99.1000 0.7606 0.7606 
99.2000 0.7556 0.7556 
99.3000 0.7506 0.7506 
99.4000 0.7456 0.7456 
99.5000 0.7406 0.7406 
99.6000 0.7356 0.7356 
99.7000 0.7306 0.7306 
99.8000 0.7256 0.7256 
99.9000 0.7206 0.7206 
100.0000 0.7156 0.7156 
100.1000 0.7106 0.7106 
100.2000 0.7056 0.7056 
100.3000 0.7006 0.7006 
100.4000 0.6956 0.6956 
100.5000 0.6906 0.6906 
100.6000 0.6856 0.6856 
100.7000 0.6806 0.6806 
100.8000 0.6756 0.6756 
100.9000 0.6706 0.6706 
101.0000 0.6656 0.6656 
101.1000 0.6606 0.6606 
101.2000 0.6556 0.6556 
101.3000 0.6506 0.6506 
101.4000 0.6456 0.6456 
101.5000 0.6406 0.6406 
101.6000 0.6356 0.6356 
101.7000 0.6306 0.6306 
101.8000 0.6256 0.6256 
101.9000 0.6206 0.6206 
102.0000 0.6156 0.6156 
102.1000 0.6106 0.6106 
102.2000 0.6056 0.6056 
102.3000 0.6006 0.6006 
102.4000 0.5956 0.5956 
102.5000 0.5906 0.5906 
102.6000 0.5856 0.5856 
102.7000 0.5806 0.5806 
102.8000 0.5756 0.5756 
102.9000 0.5706 0.5706 
103.0000 0.5656 0.5656 
103.1000 0.5606 0.5606 
103.2000 0.5556 0.5556 
103.3000 0.5506 0.5506 
103.4000 0.5456 0.5456 
103.5000 0.5406 0.5406 
103.6000 0.5356 0.5356 
103.7000 0.5306 0.5306 
103.8000 0.5256 0.5256 
103.9000 0.5206 0.5206 
104.0000 0.5156 0.5156 
104.1000 0.5106 0.5106 
104.2000 0.5056 0.5056 
104.3000 0.5006 0.5006 
104.4000 0.4956 0.4956 
104.5000 0.4906 0.4906 
104.6000 0.4856 0.4856 
104.7000 0.4806 0.4806 
104.8000 0.4756 0.4756 
104.9000 0.4706 0.4706 
105.0000 0.4656 0.4656 
105.1000 0.4606 0.4606 
105.2000 0.4556 0.4556 
105.3000 0.4506 0.4506 
105.4000 0.4456 0.4456 
105.5000 0.4406 0.4406 
105.6000 0.4356 0.4356 
105.7000 0.4306 0.4306 
105.8000 0.4256 0.4256 
105.9000 0.4206 0.4206 
106.0000 0.4156 0.4156 
106.1000 0.4106 0.4106 
106.2000 0.4056 0.4056 
106.3000 0.4006 0.4006 
106.4000 0.3956 0.3956 
106.5000 0.3906 0.3906 
106.6000 0.3856 0.3856 
106.7000 0.3806 0.3806 
106.8000 0.3756 0.3756 
106.9000 0.3706 0.3706 
107.0000 0.3656 0.3656 
107.1000 0.3606 0.3606 
107.2000 0.3556 0.3556 
107.3000 0.3506 0.3506 
107.4000 0.3456 0.3456 
107.5000 0.3406 0.3406 
107.6000 0.3356 0.3356 
107.7000 0.3306 0.3306 
107.8000 0.3256 0.3256 
107.9000 0.3206 0.3206 
108.0000 0.3156 0.3156 
108.1000 0.3106 0.3106 
108.2000 0.3056 0.3056 
108.3000 0.3006 0.3006 
108.4000 0.2956 0.2956 
108.5000 0.2906 0.2906 
108.6000 0.2856 0.2856 
108.7000 0.2806 0.2806 
108.8000 0.2756 0.2756 
108.9000 0.2706 0.2706 
109.0000 0.2656 0.2656 
109.1000 0.2606 0.2606 
109.2000 0.2556 0.2556 
109.3000 0.2506 0.2506 
109.4000 0.2456 0.2456 
109.5000 0.2406 0.2406 
109.6000 0.2356 0.2356 
109.7000 0.2306 0.2306 
109.8000 0.2256 0.2256 
109.9000 0.2206 0.2206 
110.0000 0.2156 0.2156 
110.1000 0.2106 0.2106 
110.2000 0.2056 0.2056 
110.3000 0.2006 0.2006 
110.4000 0.1956 0.1956 
110.5000 0.1906 0.1906 
110.6000 0.1856 0.1856 
110.7000 0.1806 0.1806 
110.8000 0.1756 0.1756 
110.9000 0.1706 0.1706 
111.0000 0.1656 0.1656 
111.1000 0.1606 0.1606 
111.2000 0.1556 0.1556 
111.3000 0.1506 0.1506 
111.4000 0.1456 0.1456 
111.5000 0.1406 0.1406 
111.6000 0.1356 0.1356 
111.7000 0.1306 0.1306 
111.8000 0.1256 0.1256 
111.9000 0.1206 0.1206 
112.0000 0.1156 0.1156 
112.1000 0.1106 0.1106 
112.2000 0.1056 0.1056 
112.3000 0.1006 0.1006 
112.4000 0.0956 0.0956 
112.5000 0.0906 0.0906 
112.6000 0.0856 0.0856 
112.7000 0.0806 0.0806 
112.8000 0.0756 0.0756 
112.9000 0.0706 0.0706 
113.0000 0.0656 0.0656 
113.1000 0.0606 0.0606 
113.2000 0.0556 0.0556 
113.3000 0.0506 0.0506 
113.4000 0.0456 0.0456 
113.5000 0.0406 0.0406 
113.6000 0.0356 0.0356 
113.7000 0.0306 0.0306 
113.8000 0.0256 0.0256 
113.9000 0.0206 0.0206 
114.0000 0.0156 0.0156 
114.1000 0.0106 0.0106 
114.2000 0.0056 0.0056 
114.3000 0.0006 0.0006 
114.4000 0.0000 0.0000 
114.5000 0.0000 0.0000 
114.6000 0.0000 0.0000 
114.7000 0.0000 0.0000 
114.8000 0.0000 0.0000 
114.9000 0.0000 0.0000 
115.0000 0.0000 0.0000 
115.1000 0.0000 0.0000 
115.2000 0.0000 0.0000 
115.3000 0.0000 0.0000 
115.4000 0.0000 0.0000 
115.5000 0.0000 0.0000 
115.6000 0.0000 0.0000 
115.7000 0.0000 0.0000 
115.8000 0.0000 0.0000 
115.9000 0.0000 0.0000 
116.0000 0.0000 0.0000 
116.1000 0.0000 0.0000 
116.2000 0.0000 0.0000 
116.3000 0.0000 0.0000 
116.4000 0.0000 0.0000 
116.5000 0.0000 0.0000 
116.6000 0.0000 0.0000 
116.7000 0.0000 0.0000 
116.8000 0.0000 0.0000 
116.9000 0.0000 0.0000 
117.0000 0.0000 0.0000 
117.1000 0.0000 0.0000 
117.2000 0.0000 0.0000 
117.3000 0.0000 0.0000 
117.4000 0.0000 0.0000 
117.5000 0.0000 0.0000 
117.6000 0.0000 0.0000 
117.7000 0.0000 0.0000 
117.8000 0.0000 0.0000 
117.9000 0.0000 0.0000 
118.0000 0.0000 0.0000 
118.1000 0.0000 0.0000 
118.2000 0.0000 0.0000 
118.3000 0.0000 0.0000 
118.4000 0.0000 0.0000 
118.5000 0.0000 0.0000 
118.6000 0.0000 0.0000 
118.7000 0.0000 0.0000 
118.8000 0.0000 0.0000 
118.9000 0.0000 0.0000 
119.0000 0.0000 0.0000 
119.1000 0.0000 0.0000 
119.2000 0.0000 0.0000 
119.3000 0.0000 0.0000 
119.4000 0.0000 0.0000 
119.5000 0.0000 0.0000 
119.6000 0.0000 0.0000 
119.7000 0.0000 0.0000 
119.8000 0.0000 0.0000 
119.9000 0.0000 0.0000 
120.0000 0.0000 0.0000 
120.1000 0.0000 0.0000 
120.2000 0.0000 0.0000 
120.3000 0.0000 0.0000 
120.4000 0.0000 0.0000 
120.5000 0.0000 0.0000 
120.6000 0.0000 0.0000 
120.7000 0.0000 0.0000 
120.8000 0.0000 0.0000 
120.9000 0.0000 0.0000 
121.0000 0.0000 0.0000 
121.1000 0.0000 0.0000 
121.2000 0.0000 0.0000 
121.3000 0.0000 0.0000 
121.4000 0.0000 0.0000 
121.5000 0.0000 0.0000 
121.6000 0.0000 0.0000 
121.7000 0.0000 0.0000 
121.8000 0.0000 0.0000 
121.9000 0.0000 0.0000 
122.0000 0.0000 0.0000 
122.1000 0.0000 0.0000 
122.2000 0.0000 0.0000 
122.3000 0.0000 0.0000 
122.4000 0.0000 0.0000 
122.5000 0.0000 0.0000 
122.6000 0.0000 0.0000 
122.7000 0.0000 0.0000 
122.8000 0.0000 0.0000 
122.9000 0.0000 0.0000 
123.0000 0.0000 0.0000 
123.1000 0.0000 0.0000 
123.2000 0.0000 0.0000 
123.3000 0.0000 0.0000 
123.4000 0.0000 0.0000 
123.5000 0.0000 0.0000 
123.6000 0.0000 0.0000 
123.7000 0.0000 0.0000 
123.8000 0.0000 0.0000 
123.9000 0.0000 0.0000 
124.0000 0.0000 0.0000 
124.1000 0.0000 0.0000 
124.2000 0.0000 0.0000 
124.3000 0.0000 0.0000 
124.4000 0.0000 0.0000 
124.5000 0.0000 0.0000 
124.6000 0.0000 0.0000 
124.7000 0.0000 0.0000 
124.8000 0.0000 0.0000 
124.9000 0.0000 0.0000 
125.0000 0.0000 0.0000 
125.1000 0.0000 0.0000 
125.2000 0.0000 0.0000 
125.3000 0.0000 0.0000 
125.4000 0.0000 0.0000 
125.5000 0.0000 0.0000 
125.6000 0.0000 0.0000 
125.7000 0.0000 0.0000 
125.8000 0.0000 0.0000 
125.9000 0.0000 0.0000 
126.0000 0.0000 0.0000 
126.1000 0.0000 0.0000 
126.2000 0.0000 0.0000 
126.3000 0.0000 0.0000 
126.4000 0.0000 0.0000 
126.5000 0.0000 0.0000 
126.6000 0.0000 0.0000 
126.7000 0.0000 0.0000 
126.8000 0.0000 0.0000 
126.9000 0.0000 0.0000 
127.0000 0.0000 0.0000 
127.1000 0.0000 0.0000 
127.2000 0.0000 0.0000 
127.3000 0.0000 0.0000 
127.4000 0.0000 0.0000 
127.5000 0.0000 0.0000 
127.6000 0.0000 0.0000 
127.7000 0.0000 0.0000 
127.8000 0.0000 0.0000 
127.9000 0.0000 0.0000 
128.0000 0.0000 0.0000 
128.1000 0.0000 0.0000 
128.2000 0.0000 0.0000 
128.3000 0.0000 0.0000 
128.4000 0.0000 0.0000 
128.5000 0.0000 0.0000 
128.6000 0.0000 0.0000 
128.7000 0.0000 0.0000 
128.8000 0.0000 0.0000 
128.9000 0.0000 0.0000 
129.0000 0.0000 0.0000 
129.1000 0.0000 0.0000 
129.2000 0.0000 0.0000 
129.3000 0.0000 0.0000 
129.4000 0.0000 0.0000 
129.5000 0.0000 0.0000 
129.6000 0.0000 0.0000 
129.7000 0.0000 0.0000 
129.8000 0.0000 0.0000 
129.9000 0.0000 0.0000 
130.0000 0.0000 0.0000 
130.1000 0.0000 0.0000 
130.2000 0.0000 0.0000 
130.3000 0.0000 0.0000 
130.4000 0.0000 0.0000 
130.5000 0.0000 0.0000 
130.6000 0.0000 0.0000 
130.7000 0.0000 0.0000 
130.8000 0.0000 0.0000 
130.9000 0.0000 0.0000 
131.0000 0.0000 0.0000 
131.1000 0.0000 0.0000 
131.2000 0.0000 0.0000 
131.3000 0.0000 0.0000 
131.4000 0.0000 0.0000 
131.5000 0.0000 0.0000 
131.6000 0.0000 0.0000 
131.7000 0.0000 0.0000 
131.8000 0.0000 0.0000 
131.9000 0.0000 0.0000 
132.0000 0.0000 0.0000 
132.1000 0.0000 0.0000 
132.2000 0.0000 0.0000 
132.3000 0.0000 0.0000 
132.4000 0.0000 0.0000 
132.5000 0.0000 0.0000 
132.6000 0.0100 0.0100 
132.7000 0.0200 0.0200 
132.8000 0.0300 0.0300 
132.9000 0.0400 0.0400 
133.0000 0.0500 0.0500 
133.1000 0.0599 0.0599 
133.2000 0.0699 0.0699 
133.3000 0.0799 0.0799 
133.4000 0.0898 0.0898 
133.5000 0.0997 0.0997 
133.6000 0.1096 0.1096 
133.7000 0.1195 0.1195 
133.8000 0.1294 0.1294 
133.9000 0.1392 0.1392 
134.0000 0.1490 0.1490 
134.1000 0.1588 0.1588 
134.2000 0.1685 0.1685 
134.3000 0.1782 0.1782 
134.4000 0.1879 0.1879 
134.5000 0.1976 0.1976 
134.6000 0.2072 0.2072 
134.7000 0.2167 0.2167 
134.8000 0.2263 0.2263 
134.9000 0.2358 0.2358 
135.0000 0.2452 0.2452 
135.1000 0.2546 0.2546 
135.2000 0.2640 0.2640 
135.3000 0.2733 0.2733 
135.4000 0.2825 0.2825 
135.5000 0.2917 0.2917 
135.6000 0.3009 0.3009 
135.7000 0.3100 0.3100 
135.8000 0.3190 0.3190 
135.9000 0.3280 0.3280 
136.0000 0.3369 0.3369 
136.1000 0.3458 0.3458 
136.2000 0.3546 0.3546 
136.3000 0.3633 0.3633 
136.4000 0.3720 0.3720 
136.5000 0.3806 0.3806 
136.6000 0.3892 0.3892 
136.7000 0.3977 0.3977 
136.8000 0.4061 0.4061 
136.9000 0.4144 0.4144 
137.0000 0.4227 0.4227 
137.1000 0.4309 0.4309 
137.2000 0.4391 0.4391 
137.3000 0.4471 0.4471 
137.4000 0.4551 0.4551 
137.5000 0.4631 0.4631 
137.6000 0.4709 0.4709 
137.7000 0.4787 0.4787 
137.8000 0.4864 0.4864 
137.9000 0.4940 0.4940 
138.0000 0.5016 0.5016 
138.1000 0.5091 0.5091 
138.2000 0.5165 0.5165 
138.3000 0.5238 0.5238 
138.4000 0.5311 0.5311 
138.5000 0.5383 0.5383 
138.6000 0.5454 0.5454 
138.7000 0.5524 0.5524 
138.8000 0.5593 0.5593 
138.9000 0.5662 0.5662 
139.0000 0.5730 0.5730 
139.1000 0.5797 0.5797 
139.2000 0.5864 0.5864 
139.3000 0.5929 0.5929 
139.4000 0.5994 0.5994 
139.5000 0.6058 0.6058 
139.6000 0.6121 0.6121 
139.7000 0.6184 0.6184 
139.8000 0.6246 0.6246 
139.9000 0.6307 0.6307 
140.0000 0.6367 0.6367 
140.1000 0.6317 0.6317 
140.2000 0.6267 0.6267 
140.3000 0.6217 0.6217 
140.4000 0.6167 0.6167 
140.5000 0.6117 0.6117 
140.6000 0.6067 0.6067 
140.7000 0.6017 0.6017 
140.8000 0.5967 0.5967 
140.9000 0.5917 0.5917 
141.0000 0.5867 0.5867 
141.1000 0.5817 0.5817 
141.2000 0.5767 0.5767 
141.3000 0.5717 0.5717 
141.4000 0.5667 0.5667 
141.5000 0.5617 0.5617 
141.6000 0.5567 0.5567 
141.7000 0.5517 0.5517 
141.8000 0.5467 0.5467 
141.9000 0.5417 0.5417 
142.0000 0.5367 0.5367 
142.1000 0.5317 0.5317 
142.2000 0.5267 0.5267 
142.3000 0.5217 0.5217 
142.4000 0.5167 0.5167 
142.5000 0.5117 0.5117 
142.6000 0.5067 0.5067 
142.7000 0.5017 0.5017 
142.8000 0.4967 0.4967 
142.9000 0.4917 0.4917 
143.0000 0.4867 0.4867 
143.1000 0.4817 0.4817 
143.2000 0.4767 0.4767 
143.3000 0.4717 0.4717 
143.4000 0.4667 0.4667 
143.5000 0.4617 0.4617 
143.6000 0.4567 0.4567 
143.7000 0.4517 0.4517 
143.8000 0.4467 0.4467 
143.9000 0.4417 0.4417 
144.0000 0.4367 0.4367 
144.1000 0.4317 0.4317 
144.2000 0.4267 0.4267 
144.3000 0.4217 0.4217 
144.4000 0.4167 0.4167 
144.5000 0.4117 0.4117 
144.6000 0.4067 0.4067 
144.7000 0.4017 0.4017 
144.8000 0.3967 0.3967 
144.9000 0.3917 0.3917 
145.0000 0.3867 0.3867 
145.1000 0.3817 0.3817 
145.2000 0.3767 0.3767 
145.3000 0.3717 0.3717 
145.4000 0.3667 0.3667 
145.5000 0.3617 0.3617 
145.6000 0.3567 0.3567 
145.7000 0.3517 0.3517 
145.8000 0.3467 0.3467 
145.9000 0.3417 0.3417 
146.0000 0.3367 0.3367 
146.1000 0.3317 0.3317 
146.2000 0.3267 0.3267 
146.3000 0.3217 0.3217 
146.4000 0.3167 0.3167 
146.5000 0.3117 0.3117 
146.6000 0.3067 0.3067 
146.7000 0.3017 0.3017 
146.8000 0.2967 0.2967 
146.9000 0.2917 0.2917 
147.0000 0.2867 0.2867 
147.1000 0.2817 0.2817 
147.2000 0.2767 0.2767 
147.3000 0.2859 0.2859 
147.4000 0.2951 0.2951 
147.5000 0.3042 0.3042 
147.6000 0.3133 0.3133 
147.7000 0.3223 0.3223 
147.8000 0.3313 0.3313 
147.9000 0.3402 0.3402 
148.0000 0.3490 0.3490 
148.1000 0.3578 0.3578 
148.2000 0.3665 0.3665 
148.3000 0.3752 0.3752 
148.4000 0.3838 0.3838 
148.5000 0.3923 0.3923 
148.6000 0.4008 0.4008 
148.7000 0.4092 0.4092 
148.8000 0.4175 0.4175 
148.9000 0.4258 0.4258 
149.0000 0.4339 0.4339 
149.1000 0.4421 0.4421 
149.2000 0.4501 0.4501 
149.3000 0.4581 0.4581 
149.4000 0.4660 0.4660 
149.5000 0.4738 0.4738 
149.6000 0.4816 0.4816 
149.7000 0.4892 0.4892 
149.8000 0.4968 0.4968 
149.9000 0.5044 0.5044 
150.0000 0.5118 0.5118 
150.1000 0.5192 0.5192 
150.2000 0.5265 0.5265 
150.3000 0.5337 0.5337 
150.4000 0.5409 0.5409 
150.5000 0.5480 0.5480 
150.6000 0.5550 0.5550 
150.7000 0.5619 0.5619 
150.8000 0.5687 0.5687 
150.9000 0.5755 0.5755 
151.0000 0.5822 0.5822 
151.1000 0.5888 0.5888 
151.2000 0.5953 0.5953 
151.3000 0.6018 0.6018 
151.4000 0.6082 0.6082 
151.5000 0.6145 0.6145 
151.6000 0.6207 0.6207 
151.7000 0.6268 0.6268 
151.8000 0.6329 0.6329 
151.9000 0.6389 0.6389 
152.0000 0.6448 0.6448 
152.1000 0.6507 0.6507 
152.2000 0.6564 0.6564 
152.3000 0.6621 0.6621 
152.4000 0.6677 0.6677 
152.5000 0.6733 0.6733 
152.6000 0.6787 0.6787 
152.7000 0.6841 0.6841 
152.8000 0.6895 0.6895 
152.9000 0.6947 0.6947 
153.0000 0.6999 0.6999 
153.1000 0.7050 0.7050 
153.2000 0.7100 0.7100 
153.3000 0.7150 0.7150 
153.4000 0.7199 0.7199 
153.5000 0.7247 0.7247 
153.6000 0.7294 0.7294 
153.7000 0.7341 0.7341 
153.8000 0.7387 0.7387 
153.9000 0.7433 0.7433 
154.0000 0.7477 0.7477 
154.1000 0.7521 0.7521 
154.2000 0.7565 0.7565 
154.3000 0.7608 0.7608 
154.4000 0.7650 0.7650 
154.5000 0.7691 0.7691 
154.6000 0.7732 0.7732 
154.7000 0.7772 0.7772 
154.8000 0.7722 0.7722 
154.9000 0.7672 0.7672 
155.0000 0.7622 0.7622 
155.1000 0.7572 0.7572 
155.2000 0.7522 0.7522 
155.3000 0.7472 0.7472 
155.4000 0.7422 0.7422 
155.5000 0.7372 0.7372 
155.6000 0.7322 0.7322 
155.7000 0.7272 0.7272 
155.8000 0.7222 0.7222 
155.9000 0.7172 0.7172 
156.0000 0.7122 0.7122 
156.1000 0.7072 0.7072 
156.2000 0.7022 0.7022 
156.3000 0.6972 0.6972 
156.4000 0.6922 0.6922 
156.5000 0.6872 0.6872 
156.6000 0.6822 0.6822 
156.7000 0.6772 0.6772 
156.8000 0.6722 0.6722 
156.9000 0.6672 0.6672 
157.0000 0.6622 0.6622 
157.1000 0.6572 0.6572 
157.2000 0.6522 0.6522 
157.3000 0.6472 0.6472 
157.4000 0.6422 0.6422 
157.5000 0.6372 0.6372 
157.6000 0.6322 0.6322 
157.7000 0.6272 0.6272 
157.8000 0.6222 0.6222 
157.9000 0.6172 0.6172 
158.0000 0.6122 0.6122 
158.1000 0.6072 0.6072 
158.2000 0.6022 0.6022 
158.3000 0.5972 0.5972 
158.4000 0.5922 0.5922 
158.5000 0.5872 0.5872 
158.6000 0.5822 0.5822 
158.7000 0.5772 0.5772 
158.8000 0.5722 0.5722 
158.9000 0.5672 0.5672 
159.0000 0.5622 0.5622 
159.1000 0.5572 0.5572 
159.2000 0.5522 0.5522 
159.3000 0.5472 0.5472 
159.4000 0.5422 0.5422 
159.5000 0.5372 0.5372 
159.6000 0.5322 0.5322 
159.7000 0.5272 0.5272 
159.8000 0.5222 0.5222 
159.9000 0.5172 0.5172 
160.0000 0.5122 0.5122 
160.1000 0.5072 0.5072 
160.2000 0.5022 0.5022 
160.3000 0.4972 0.4972 
160.4000 0.4922 0.4922 
160.5000 0.4872 0.4872 
160.6000 0.4822 0.4822 
160.7000 0.4772 0.4772 
160.8000 0.4722 0.4722 
160.9000 0.4672 0.4672 
161.0000 0.4622 0.4622 
161.1000 0.4572 0.4572 
161.2000 0.4522 0.4522 
161.3000 0.4472 0.4472 
161.4000 0.4422 0.4422 
161.5000 0.4372 0.4372 
161.6000 0.4322 0.4322 
161.7000 0.4272 0.4272 
161.8000 0.4222 0.4222 
161.9000 0.4172 0.4172 
162.0000 0.4122 0.4122 
162.1000 0.4072 0.4072 
162.2000 0.4022 0.4022 
162.3000 0.3972 0.3972 
162.4000 0.3922 0.3922 
162.5000 0.3872 0.3872 
162.6000 0.3822 0.3822 
162.7000 0.3772 0.3772 
162.8000 0.3722 0.3722 
162.9000 0.3672 0.3672 
163.0000 0.3622 0.3622 
163.1000 0.3572 0.3572 
163.2000 0.3522 0.3522 
163.3000 0.3472 0.3472 
163.4000 0.3422 0.3422 
163.5000 0.3372 0.3372 
163.6000 0.3322 0.3322 
163.7000 0.3272 0.3272 
163.8000 0.3222 0.3222 
163.9000 0.3172 0.3172 
164.0000 0.3122 0.3122 
164.1000 0.3072 0.3072 
164.2000 0.3022 0.3022 
164.3000 0.2972 0.2972 
164.4000 0.2922 0.2922 
164.5000 0.2872 0.2872 
164.6000 0.2822 0.2822 
164.7000 0.2772 0.2772 
164.8000 0.2722 0.2722 
164.9000 0.2672 0.2672 
165.0000 0.2622 0.2622 
165.1000 0.2572 0.2572 
165.2000 0.2522 0.2522 
165.3000 0.2472 0.2472 
165.4000 0.2422 0.2422 
165.5000 0.2372 0.2372 
165.6000 0.2322 0.2322 
165.7000 0.2272 0.2272 
165.8000 0.2222 0.2222 
165.9000 0.2172 0.2172 
166.0000 0.2122 0.2122 
166.1000 0.2072 0.2072 
166.2000 0.2022 0.2022 
166.3000 0.1972 0.1972 
166.4000 0.1922 0.1922 
166.5000 0.1872 0.1872 
166.6000 0.1822 0.1822 
166.7000 0.1772 0.1772 
166.8000 0.1722 0.1722 
166.9000 0.1672 0.1672 
167.0000 0.1622 0.1622 
167.1000 0.1572 0.1572 
167.2000 0.1522 0.1522 
167.3000 0.1472 0.1472 
167.4000 0.1422 0.1422 
167.5000 0.1372 0.1372 
167.6000 0.1322 0.1322 
167.7000 0.1272 0.1272 
167.8000 0.1222 0.1222 
167.9000 0.1172 0.1172 
168.0000 0.1122 0.1122 
168.1000 0.1072 0.1072 
168.2000 0.1022 0.1022 
168.3000 0.0972 0.0972 
168.4000 0.0922 0.0922 
168.5000 0.0872 0.0872 
168.6000 0.0822 0.0822 
168.7000 0.0772 0.0772 
168.8000 0.0722 0.0722 
168.9000 0.0672 0.0672 
169.0000 0.0622 0.0622 
169.1000 0.0572 0.0572 
169.2000 0.0522 0.0522 
169.3000 0.0472 0.0472 
169.4000 0.0422 0.0422 
169.5000 0.0372 0.0372 
169.6000 0.0322 0.0322 
169.7000 0.0272 0.0272 
169.8000 0.0222 0.0222 
169.9000 0.0172 0.0172 
170.0000 0.0122 0.0122 
170.1000 0.0072 0.0072 
170.2000 0.0022 0.0022 
170.3000 0.0000 0.0000 
170.4000 0.0000 0.0000 
170.5000 0.0000 0.0000 
170.6000 0.0000 0.0000 
170.7000 0.0000 0.0000 
170.8000 0.0000 0.0000 
170.9000 0.0000 0.0000 
171.0000 0.0000 0.0000 
171.1000 0.0000 0.0000 
171.2000 0.0000 0.0000 
171.3000 0.0000 0.0000 
171.4000 0.0000 0.0000 
171.5000 0.0000 0.0000 
171.6000 0.0000 0.0000 
171.7000 0.0000 0.0000 
171.8000 0.0000 0.0000 
171.9000 0.0000 0.0000 
172.0000 0.0000 0.0000 
172.1000 0.0000 0.0000 
172.2000 0.0000 0.0000 
172.3000 0.0000 0.0000 
172.4000 0.0000 0.0000 
172.5000 0.0000 0.0000 
172.6000 0.0000 0.0000 
172.7000 0.0000 0.0000 
172.8000 0.0000 0.0000 
172.9000 0.0000 0.0000 
173.0000 0.0000 0.0000 
173.1000 0.0000 0.0000 
173.2000 0.0000 0.0000 
173.3000 0.0000 0.0000 
173.4000 0.0000 0.0000 
173.5000 0.0000 0.0000 
173.6000 0.0000 0.0000 
173.7000 0.0000 0.0000 
173.8000 0.0000 0.0000 
173.9000 0.0000 0.0000 
174.0000 0.0000 0.0000 
174.1000 0.0000 0.0000 
174.2000 0.0000 0.0000 
174.3000 0.0000 0.0000 
174.4000 0.0000 0.0000 
174.5000 0.0000 0.0000 
174.6000 0.0000 0.0000 
174.7000 0.0000 0.0000 
174.8000 0.0000 0.0000 
174.9000 0.0000 0.0000 
175.0000 0.0000 0.0000 
175.1000 0.0000 0.0000 
175.2000 0.0000 0.0000 
175.3000 0.0000 0.0000 
175.4000 0.0000 0.0000 
175.5000 0.0000 0.0000 
175.6000 0.0000 0.0000 
175.7000 0.0000 0.0000 
175.8000 0.0000 0.0000 
175.9000 0.0000 0.0000 
176.0000 0.0000 0.0000 
176.1000 0.0000 0.0000 
176.2000 0.0000 0.0000 
176.3000 0.0000 0.0000 
176.4000 0.0000 0.0000 
176.5000 0.0000 0.0000 
176.6000 0.0000 0.0000 
176.7000 0.0000 0.0000 
176.8000 0.0000 0.0000 
176.9000 0.0000 0.0000 
177.0000 0.0000 0.0000 
177.1000 0.0000 0.0000 
177.2000 0.0000 0.0000 
177.3000 0.0000 0.0000 
177.4000 0.0000 0.0000 
177.5000 0.0000 0.0000 
177.6000 0.0000 0.0000 
177.7000 0.0000 0.0000 
177.8000 0.0000 0.0000 
177.9000 0.0000 0.0000 
178.0000 0.0000 0.0000 
178.1000 0.0000 0.0000 
178.2000 0.0000 0.0000 
178.3000 0.0000 0.0000 
178.4000 0.0000 0.0000 
178.5000 0.0000 0.0000 
178.6000 0.0000 0.0000 
178.7000 0.0000 0.0000 
178.8000 0.0000 0.0000 
178.9000 0.0000 0.0000 
179.0000 0.0000 0.0000 
179.1000 0.0000 0.0000 
179.2000 0.0000 0.0000 
179.3000 0.0000 0.0000 
179.4000 0.0000 0.0000 
179.5000 0.0000 0.0000 
179.6000 0.0000 0.0000 
179.7000 0.0000 0.0000 
179.8000 0.0000 0.0000 
179.9000 0.0000 0.0000 
180.0000 0.0000 0.0000 
180.1000 0.0000 0.0000 
180.2000 0.0000 0.0000 
180.3000 0.0000 0.0000 
180.4000 0.0000 0.0000 
180.5000 0.0000 0.0000 
180.6000 0.0000 0.0000 
180.7000 0.0000 0.0000 
180.8000 0.0000 0.0000 
180.9000 0.0000 0.0000 
181.0000 0.0000 0.0000 
181.1000 0.0000 0.0000 
181.2000 0.0000 0.0000 
181.3000 0.0000 0.0000 
181.4000 0.0000 0.0000 
181.5000 0.0000 0.0000 
181.6000 0.0000 0.0000 
181.7000 0.0000 0.0000 
181.8000 0.0000 0.0000 
181.9000 0.0000 0.0000 
182.0000 0.0000 0.0000 
182.1000 0.0000 0.0000 
182.2000 0.0000 0.0000 
182.3000 0.0000 0.0000 
182.4000 0.0000 0.0000 
182.5000 0.0000 0.0000 
182.6000 0.0000 0.0000 
182.7000 0.0000 0.0000 
182.8000 0.0000 0.0000 
182.9000 0.0000 0.0000 
183.0000 0.0000 0.0000 
183.1000 0.0000 0.0000 
183.2000 0.0000 0.0000 
183.3000 0.0000 0.0000 
183.4000 0.0000 0.0000 
183.5000 0.0000 0.0000 
183.6000 0.0000 0.0000 
183.7000 0.0000 0.0000 
183.8000 0.0000 0.0000 
183.9000 0.0000 0.0000 
184.0000 0.0000 0.0000 
184.1000 0.0000 0.0000 
184.2000 0.0000 0.0000 
184.3000 0.0000 0.0000 
184.4000 0.0000 0.0000 
184.5000 0.0000 0.0000 
184.6000 0.0000 0.0000 
184.7000 0.0000 0.0000 
184.8000 0.0000 0.0000 
184.9000 0.0000 0.0000 
185.0000 0.0000 0.0000 
185.1000 0.0000 0.0000 
185.2000 0.0000 0.0000 
185.3000 0.0000 0.0000 
185.4000 0.0000 0.0000 
185.5000 0.0000 0.0000 
185.6000 0.0000 0.0000 
185.7000 0.0000 0.0000 
185.8000 0.0000 0.0000 
185.9000 0.0000 0.0000 
186.0000 0.0000 0.0000 
186.1000 0.0000 0.0000 
186.2000 0.0000 0.0000 
186.3000 0.0000 0.0000 
186.4000 0.0000 0.0000 
186.5000 0.0000 0.0000 
186.6000 0.0000 0.0000 
186.7000 0.0000 0.0000 
186.8000 0.0000 0.0000 
186.9000 0.0000 0.0000 
187.0000 0.0000 0.0000 
187.1000 0.0000 0.0000 
187.2000 0.0000 0.0000 
187.3000 0.0000 0.0000 
187.4000 0.0000 0.0000 
187.5000 0.0000 0.0000 
187.6000 0.0000 0.0000 
187.7000 0.0000 0.0000 
187.8000 0.0000 0.0000 
187.9000 0.0000 0.0000 
188.0000 0.0000 0.0000 
188.1000 0.0000 0.0000 
188.2000 0.0000 0.0000 
188.3000 0.0000 0.0000 
188.4000 0.0000 0.0000 
188.5000 0.0100 0.0100 
188.6000 0.0200 0.0200 
188.7000 0.0300 0.0300 
188.8000 0.0400 0.0400 
188.9000 0.0500 0.0500 
189.0000 0.0599 0.0599 
189.1000 0.0699 0.0699 
189.2000 0.0799 0.0799 
189.3000 0.0898 0.0898 
189.4000 0.0997 0.0997 
189.5000 0.1096 0.1096 
189.6000 0.1195 0.1195 
189.7000 0.1294 0.1294 
189.8000 0.1392 0.1392 
189.9000 0.1490 0.1490 
190.0000 0.1588 0.1588 
190.1000 0.1685 0.1685 
190.2000 0.1782 0.1782 
190.3000 0.1879 0.1879 
190.4000 0.1976 0.1976 
190.5000 0.2072 0.2072 
190.6000 0.2167 0.2167 
190.7000 0.2263 0.2263 
190.8000 0.2358 0.2358 
190.9000 0.2452 0.2452 
191.0000 0.2546 0.2546 
191.1000 0.2640 0.2640 
191.2000 0.2733 0.2733 
191.3000 0.2825 0.2825 
191.4000 0.2917 0.2917 
191.5000 0.3009 0.3009 
191.6000 0.3100 0.3100 
191.7000 0.3190 0.3190 
191.8000 0.3280 0.3280 
191.9000 0.3369 0.3369 
192.0000 0.3458 0.3458 
192.1000 0.3546 0.3546 
192.2000 0.3633 0.3633 
192.3000 0.3720 0.3720 
192.4000 0.3806 0.3806 
192.5000 0.3892 0.3892 
192.6000 0.3977 0.3977 
192.7000 0.4061 0.4061 
192.8000 0.4144 0.4144 
192.9000 0.4227 0.4227 
193.0000 0.4309 0.4309 
193.1000 0.4391 0.4391 
193.2000 0.4471 0.4471 
193.3000 0.4551 0.4551 
193.4000 0.4631 0.4631 
193.5000 0.4709 0.4709 
193.6000 0.4787 0.4787 
193.7000 0.4864 0.4864 
193.8000 0.4940 0.4940 
193.9000 0.5016 0.5016 
194.0000 0.5091 0.5091 
194.1000 0.5165 0.5165 
194.2000 0.5238 0.5238 
194.3000 0.5311 0.5311 
194.4000 0.5383 0.5383 
194.5000 0.5454 0.5454 
194.6000 0.5524 0.5524 
194.7000 0.5593 0.5593 
194.8000 0.5662 0.5662 
194.9000 0.5730 0.5730 
195.0000 0.5797 0.5797 
195.1000 0.5864 0.5864 
195.2000 0.5929 0.5929 
195.3000 0.5994 0.5994 
195.4000 0.6058 0.6058 
195.5000 0.6121 0.6121 
195.6000 0.6184 0.6184 
195.7000 0.6134 0.6134 
195.8000 0.6084 0.6084 
195.9000 0.6034 0.6034 
196.0000 0.5984 0.5984 
196.1000 0.5934 0.5934 
196.2000 0.5884 0.5884 
196.3000 0.5834 0.5834 
196.4000 0.5784 0.5784 
196.5000 0.5734 0.5734 
196.6000 0.5684 0.5684 
196.7000 0.5634 0.5634 
196.8000 0.5584 0.5584 
196.9000 0.5534 0.5534 
197.0000 0.5484 0.5484 
197.1000 0.5434 0.5434 
197.2000 0.5384 0.5384 
197.3000 0.5334 0.5334 
197.4000 0.5284 0.5284 
197.5000 0.5234 0.5234 
197.6000 0.5184 0.5184 
197.7000 0.5134 0.5134 
197.8000 0.5084 0.5084 
197.9000 0.5034 0.5034 
198.0000 0.4984 0.4984 
198.1000 0.4934 0.4934 
198.2000 0.4884 0.4884 
198.3000 0.4834 0.4834 
198.4000 0.4784 0.4784 
198.5000 0.4734 0.4734 
198.6000 0.4684 0.4684 
198.7000 0.4634 0.4634 
198.8000 0.4584 0.4584 
198.9000 0.4534 0.4534 
199.0000 0.4484 0.4484 
199.1000 0.4434 0.4434 
199.2000 0.4384 0.4384 
199.3000 0.4334 0.4334 
199.4000 0.4284 0.4284 
199.5000 0.4234 0.4234 
199.6000 0.4184 0.4184 
199.7000 0.4134 0.4134 
199.8000 0.4084 0.4084 
199.9000 0.4034 0.4034 
200.0000 0.3984 0.3984 
200.1000 0.3934 0.3934 
200.2000 0.3884 0.3884 
