0.0000 1.0000 1.0000 
0.1000 1.0000 1.0000 
0.2000 1.0000 1.0000 
0.3000 1.0000 1.0000 
0.4000 1.0000 1.0000 
0.5000 1.0000 1.0000 
0.6000 1.0000 1.0000 
0.7000 1.0000 1.0000 
0.8000 1.0000 1.0000 
0.9000 1.0000 1.0000 
1.0000 1.0000 1.0000 
1.1000 1.0000 1.0000 
1.2000 1.0000 1.0000 
1.3000 1.0000 1.0000 
1.4000 1.0000 1.0000 
1.5000 1.0000 1.0000 
1.6000 1.0000 1.0000 
1.7000 1.0000 1.0000 
1.8000 1.0000 1.0000 
1.9000 1.0000 1.0000 
2.0000 1.0000 1.0000 
2.1000 1.0000 1.0000 
2.2000 1.0000 1.0000 
2.3000 1.0000 1.0000 
2.4000 1.0000 1.0000 
2.5000 1.0000 1.0000 
2.6000 1.0000 1.0000 
2.7000 1.0000 1.0000 
2.8000 1.0000 1.0000 
2.9000 1.0000 1.0000 
3.0000 1.0000 1.0000 
3.1000 1.0000 1.0000 
3.2000 1.0000 1.0000 
3.3000 1.0000 1.0000 
3.4000 1.0000 1.0000 
3.5000 1.0000 1.0000 
3.6000 1.0000 1.0000 
3.7000 1.0000 1.0000 
3.8000 1.0000 1.0000 
3.9000 1.0000 1.0000 
4.0000 1.0000 1.0000 
4.1000 1.0000 1.0000 
4.2000 1.0000 1.0000 
4.3000 1.0000 1.0000 
4.4000 1.0000 1.0000 
4.5000 1.0000 1.0000 
4.6000 1.0000 1.0000 
4.7000 1.0000 1.0000 
4.8000 1.0000 1.0000 
4.9000 1.0000 1.0000 
5.0000 1.0000 1.0000 
5.1000 1.0000 1.0000 
5.2000 1.0000 1.0000 
5.3000 1.0000 1.0000 
5.4000 1.0000 1.0000 
5.5000 1.0000 1.0000 
5.6000 1.0000 1.0000 
5.7000 1.0000 1.0000 
5.8000 1.0000 1.0000 
5.9000 1.0000 1.0000 
6.0000 1.0000 1.0000 
6.1000 1.0000 1.0000 
6.2000 1.0000 1.0000 
6.3000 1.0000 1.0000 
6.4000 1.0000 1.0000 
6.5000 1.0000 1.0000 
6.6000 1.0000 1.0000 
6.7000 1.0000 1.0000 
6.8000 1.0000 1.0000 
6.9000 1.0000 1.0000 
7.0000 1.0000 1.0000 
7.1000 1.0000 1.0000 
7.2000 1.0000 1.0000 
7.3000 1.0000 1.0000 
7.4000 1.0000 1.0000 
7.5000 1.0000 1.0000 
7.6000 1.0000 1.0000 
7.7000 1.0000 1.0000 
7.8000 1.0000 1.0000 
7.9000 1.0000 1.0000 
8.0000 1.0000 1.0000 
8.1000 1.0000 1.0000 
8.2000 1.0000 1.0000 
8.3000 1.0000 1.0000 
8.4000 1.0000 1.0000 
8.5000 1.0000 1.0000 
8.6000 1.0000 1.0000 
8.7000 1.0000 0.9999 
8.8000 1.0000 0.9999 
8.9000 1.0000 0.9999 
9.0000 1.0000 0.9998 
9.1000 1.0000 0.9996 
9.2000 1.0000 0.9992 
9.3000 1.0000 0.9980 
9.4000 1.0000 0.9938 
9.5000 1.0000 0.9777 
9.6000 1.0000 0.9173 
9.7000 1.0000 0.7029 
9.8000 1.0000 0.3151 
9.9000 1.0000 0.0719 
10.0000 1.0000 0.0148 
10.1000 1.0000 0.0055 
10.2000 1.0000 0.0270 
10.3000 1.0000 0.6500 
10.4000 1.0000 0.9945 
10.5000 1.0000 0.9998 
10.6000 1.0000 1.0000 
10.7000 1.0000 1.0000 
10.8000 1.0000 1.0000 
10.9000 1.0000 1.0000 
11.0000 1.0000 1.0000 
11.1000 1.0000 1.0000 
11.2000 1.0000 1.0000 
11.3000 1.0000 1.0000 
11.4000 1.0000 1.0000 
11.5000 1.0000 1.0000 
11.6000 1.0000 1.0000 
11.7000 1.0000 1.0000 
11.8000 1.0000 1.0000 
11.9000 1.0000 1.0000 
12.0000 1.0000 1.0000 
12.1000 1.0000 1.0000 
12.2000 1.0000 1.0000 
12.3000 1.0000 1.0000 
12.4000 1.0000 1.0000 
12.5000 1.0000 1.0000 
12.6000 1.0000 1.0000 
12.7000 1.0000 1.0000 
12.8000 1.0000 1.0000 
12.9000 1.0000 1.0000 
13.0000 1.0000 1.0000 
13.1000 1.0000 1.0000 
13.2000 1.0000 1.0000 
13.3000 1.0000 1.0000 
13.4000 1.0000 1.0000 
13.5000 1.0000 1.0000 
13.6000 1.0000 1.0000 
13.7000 1.0000 1.0000 
13.8000 1.0000 1.0000 
13.9000 1.0000 1.0000 
14.0000 1.0000 1.0000 
14.1000 1.0000 1.0000 
14.2000 1.0000 1.0000 
14.3000 1.0000 1.0000 
14.4000 1.0000 1.0000 
14.5000 1.0000 1.0000 
14.6000 1.0000 1.0000 
14.7000 1.0000 1.0000 
14.8000 1.0000 1.0000 
14.9000 1.0000 1.0000 
15.0000 1.0000 1.0000 
15.1000 1.0000 1.0000 
15.2000 1.0000 1.0000 
15.3000 1.0000 1.0000 
15.4000 1.0000 1.0000 
15.5000 1.0000 1.0000 
15.6000 1.0000 1.0000 
15.7000 1.0000 1.0000 
15.8000 1.0000 1.0000 
15.9000 1.0000 1.0000 
16.0000 1.0000 1.0000 
16.1000 1.0000 1.0000 
16.2000 1.0000 1.0000 
16.3000 1.0000 1.0000 
16.4000 1.0000 1.0000 
16.5000 1.0000 1.0000 
16.6000 1.0000 1.0000 
16.7000 1.0000 1.0000 
16.8000 1.0000 1.0000 
16.9000 1.0000 1.0000 
17.0000 1.0000 1.0000 
17.1000 1.0000 1.0000 
17.2000 1.0000 1.0000 
17.3000 1.0000 1.0000 
17.4000 1.0000 1.0000 
17.5000 1.0000 1.0000 
17.6000 1.0000 1.0000 
17.7000 1.0000 1.0000 
17.8000 1.0000 1.0000 
17.9000 1.0000 1.0000 
18.0000 1.0000 1.0000 
18.1000 1.0000 1.0000 
18.2000 1.0000 1.0000 
18.3000 1.0000 1.0000 
18.4000 1.0000 1.0000 
18.5000 1.0000 1.0000 
18.6000 1.0000 1.0000 
18.7000 1.0000 1.0000 
18.8000 1.0000 1.0000 
18.9000 1.0000 1.0000 
19.0000 1.0000 1.0000 
19.1000 1.0000 1.0000 
19.2000 1.0000 1.0000 
19.3000 1.0000 1.0000 
19.4000 1.0000 1.0000 
19.5000 1.0000 1.0000 
19.6000 1.0000 1.0000 
19.7000 1.0000 1.0000 
19.8000 1.0000 1.0000 
19.9000 1.0000 1.0000 
20.0000 1.0000 1.0000 
20.1000 1.0000 1.0000 
20.2000 1.0000 1.0000 
20.3000 1.0000 1.0000 
20.4000 1.0000 1.0000 
20.5000 1.0000 1.0000 
20.6000 1.0000 1.0000 
20.7000 1.0000 1.0000 
20.8000 1.0000 1.0000 
20.9000 1.0000 1.0000 
21.0000 1.0000 1.0000 
21.1000 1.0000 1.0000 
21.2000 1.0000 1.0000 
21.3000 1.0000 1.0000 
21.4000 1.0000 1.0000 
21.5000 1.0000 1.0000 
21.6000 1.0000 1.0000 
21.7000 1.0000 1.0000 
21.8000 1.0000 1.0000 
21.9000 1.0000 1.0000 
22.0000 1.0000 1.0000 
22.1000 1.0000 1.0000 
22.2000 1.0000 1.0000 
22.3000 1.0000 1.0000 
22.4000 1.0000 1.0000 
22.5000 1.0000 1.0000 
22.6000 1.0000 1.0000 
22.7000 1.0000 1.0000 
22.8000 1.0000 1.0000 
22.9000 1.0000 1.0000 
23.0000 1.0000 1.0000 
23.1000 1.0000 1.0000 
23.2000 1.0000 1.0000 
23.3000 1.0000 1.0000 
23.4000 1.0000 1.0000 
23.5000 1.0000 1.0000 
23.6000 1.0000 1.0000 
23.7000 1.0000 1.0000 
23.8000 1.0000 1.0000 
23.9000 1.0000 1.0000 
24.0000 1.0000 1.0000 
24.1000 1.0000 1.0000 
24.2000 1.0000 1.0000 
24.3000 1.0000 1.0000 
24.4000 1.0000 1.0000 
24.5000 1.0000 1.0000 
24.6000 1.0000 1.0000 
24.7000 1.0000 1.0000 
24.8000 1.0000 1.0000 
24.9000 1.0000 1.0000 
25.0000 1.0000 1.0000 
25.1000 1.0000 1.0000 
25.2000 1.0000 1.0000 
25.3000 1.0000 1.0000 
25.4000 1.0000 1.0000 
25.5000 1.0000 1.0000 
25.6000 1.0000 1.0000 
25.7000 1.0000 1.0000 
25.8000 1.0000 1.0000 
25.9000 1.0000 1.0000 
26.0000 1.0000 1.0000 
26.1000 1.0000 1.0000 
26.2000 1.0000 1.0000 
26.3000 1.0000 1.0000 
26.4000 1.0000 1.0000 
26.5000 1.0000 1.0000 
26.6000 1.0000 1.0000 
26.7000 1.0000 0.9999 
26.8000 1.0000 0.9999 
26.9000 1.0000 0.9999 
27.0000 1.0000 0.9999 
27.1000 1.0000 0.9998 
27.2000 1.0000 0.9998 
27.3000 1.0000 0.9997 
27.4000 1.0000 0.9996 
27.5000 1.0000 0.9994 
27.6000 1.0000 0.9990 
27.7000 1.0000 0.9982 
27.8000 1.0000 0.9966 
27.9000 1.0000 0.9935 
28.0000 1.0000 0.9864 
28.1000 1.0000 0.9716 
28.2000 1.0000 0.9429 
28.3000 1.0000 0.8903 
28.4000 1.0000 0.8081 
28.5000 1.0000 0.7183 
28.6000 1.0000 0.6852 
28.7000 1.0000 0.7920 
28.8000 1.0000 0.8849 
28.9000 1.0000 0.9621 
29.0000 1.0000 0.9890 
29.1000 1.0000 0.9963 
29.2000 1.0000 0.9985 
29.3000 1.0000 0.9992 
29.4000 1.0000 0.9996 
29.5000 1.0000 0.9997 
29.6000 1.0000 0.9998 
29.7000 1.0000 0.9998 
29.8000 1.0000 0.9999 
29.9000 1.0000 0.9999 
30.0000 1.0000 0.9999 
30.1000 1.0000 0.9999 
30.2000 1.0000 0.9999 
30.3000 1.0000 0.9999 
30.4000 1.0000 0.9999 
30.5000 1.0000 0.9999 
30.6000 1.0000 0.9999 
30.7000 1.0000 0.9999 
30.8000 1.0000 0.9999 
30.9000 1.0000 0.9999 
31.0000 1.0000 0.9999 
31.1000 1.0000 0.9999 
31.2000 1.0000 0.9999 
31.3000 1.0000 0.9999 
31.4000 1.0000 0.9999 
31.5000 1.0000 0.9999 
31.6000 1.0000 0.9998 
31.7000 1.0000 0.9998 
31.8000 1.0000 0.9996 
31.9000 1.0000 0.9994 
32.0000 1.0000 0.9990 
32.1000 1.0000 0.9978 
32.2000 1.0000 0.9941 
32.3000 1.0000 0.9818 
32.4000 1.0000 0.9394 
32.5000 1.0000 0.8027 
32.6000 1.0000 0.4807 
32.7000 1.0000 0.1761 
32.8000 1.0000 0.0833 
32.9000 1.0000 0.0724 
33.0000 1.0000 0.1835 
33.1000 1.0000 0.8389 
33.2000 1.0000 0.9969 
33.3000 1.0000 0.9999 
33.4000 1.0000 1.0000 
33.5000 1.0000 1.0000 
33.6000 1.0000 1.0000 
33.7000 1.0000 1.0000 
33.8000 1.0000 1.0000 
33.9000 1.0000 1.0000 
34.0000 1.0000 1.0000 
34.1000 1.0000 1.0000 
34.2000 1.0000 1.0000 
34.3000 1.0000 1.0000 
34.4000 1.0000 1.0000 
34.5000 1.0000 1.0000 
34.6000 1.0000 1.0000 
34.7000 1.0000 1.0000 
34.8000 1.0000 1.0000 
34.9000 1.0000 1.0000 
35.0000 1.0000 1.0000 
35.1000 1.0000 1.0000 
35.2000 1.0000 1.0000 
35.3000 1.0000 1.0000 
35.4000 1.0000 1.0000 
35.5000 1.0000 1.0000 
35.6000 1.0000 1.0000 
35.7000 1.0000 1.0000 
35.8000 1.0000 1.0000 
35.9000 1.0000 1.0000 
36.0000 1.0000 1.0000 
36.1000 1.0000 1.0000 
36.2000 1.0000 1.0000 
36.3000 1.0000 1.0000 
36.4000 1.0000 1.0000 
36.5000 1.0000 1.0000 
36.6000 1.0000 1.0000 
36.7000 1.0000 1.0000 
36.8000 1.0000 1.0000 
36.9000 1.0000 1.0000 
37.0000 1.0000 1.0000 
37.1000 1.0000 1.0000 
37.2000 1.0000 1.0000 
37.3000 1.0000 1.0000 
37.4000 1.0000 1.0000 
37.5000 1.0000 1.0000 
37.6000 1.0000 1.0000 
37.7000 1.0000 1.0000 
37.8000 1.0000 1.0000 
37.9000 1.0000 1.0000 
38.0000 1.0000 1.0000 
38.1000 1.0000 1.0000 
38.2000 1.0000 1.0000 
38.3000 1.0000 1.0000 
38.4000 1.0000 1.0000 
38.5000 1.0000 1.0000 
38.6000 1.0000 1.0000 
38.7000 1.0000 1.0000 
38.8000 1.0000 1.0000 
38.9000 1.0000 1.0000 
39.0000 1.0000 1.0000 
39.1000 1.0000 1.0000 
39.2000 1.0000 1.0000 
39.3000 1.0000 1.0000 
39.4000 1.0000 1.0000 
39.5000 1.0000 1.0000 
39.6000 1.0000 1.0000 
39.7000 1.0000 1.0000 
39.8000 1.0000 1.0000 
39.9000 1.0000 1.0000 
40.0000 1.0000 1.0000 
40.1000 1.0000 1.0000 
40.2000 1.0000 1.0000 
40.3000 1.0000 1.0000 
40.4000 1.0000 1.0000 
40.5000 1.0000 1.0000 
40.6000 1.0000 1.0000 
40.7000 1.0000 1.0000 
40.8000 1.0000 1.0000 
40.9000 1.0000 1.0000 
41.0000 1.0000 1.0000 
41.1000 1.0000 1.0000 
41.2000 1.0000 1.0000 
41.3000 1.0000 1.0000 
41.4000 1.0000 1.0000 
41.5000 1.0000 1.0000 
41.6000 1.0000 1.0000 
41.7000 1.0000 1.0000 
41.8000 1.0000 1.0000 
41.9000 1.0000 1.0000 
42.0000 1.0000 1.0000 
42.1000 1.0000 1.0000 
42.2000 1.0000 1.0000 
42.3000 1.0000 1.0000 
42.4000 1.0000 1.0000 
42.5000 1.0000 1.0000 
42.6000 1.0000 1.0000 
42.7000 1.0000 1.0000 
42.8000 1.0000 1.0000 
42.9000 1.0000 1.0000 
43.0000 1.0000 1.0000 
43.1000 1.0000 1.0000 
43.2000 1.0000 1.0000 
43.3000 1.0000 1.0000 
43.4000 1.0000 1.0000 
43.5000 1.0000 1.0000 
43.6000 1.0000 1.0000 
43.7000 1.0000 1.0000 
43.8000 1.0000 1.0000 
43.9000 1.0000 1.0000 
44.0000 1.0000 1.0000 
44.1000 1.0000 1.0000 
44.2000 1.0000 1.0000 
44.3000 1.0000 1.0000 
44.4000 1.0000 1.0000 
44.5000 1.0000 1.0000 
44.6000 1.0000 1.0000 
44.7000 1.0000 1.0000 
44.8000 1.0000 1.0000 
44.9000 1.0000 1.0000 
45.0000 1.0000 1.0000 
45.1000 1.0000 1.0000 
45.2000 1.0000 1.0000 
45.3000 1.0000 1.0000 
45.4000 1.0000 1.0000 
45.5000 1.0000 1.0000 
45.6000 1.0000 1.0000 
45.7000 1.0000 1.0000 
45.8000 1.0000 1.0000 
45.9000 1.0000 1.0000 
46.0000 1.0000 1.0000 
46.1000 1.0000 1.0000 
46.2000 1.0000 1.0000 
46.3000 1.0000 1.0000 
46.4000 1.0000 1.0000 
46.5000 1.0000 1.0000 
46.6000 1.0000 1.0000 
46.7000 1.0000 1.0000 
46.8000 1.0000 1.0000 
46.9000 1.0000 1.0000 
47.0000 1.0000 1.0000 
47.1000 1.0000 1.0000 
47.2000 1.0000 1.0000 
47.3000 1.0000 1.0000 
47.4000 1.0000 1.0000 
47.5000 1.0000 1.0000 
47.6000 1.0000 1.0000 
47.7000 1.0000 1.0000 
47.8000 1.0000 1.0000 
47.9000 1.0000 1.0000 
48.0000 1.0000 1.0000 
48.1000 1.0000 1.0000 
48.2000 1.0000 1.0000 
48.3000 1.0000 1.0000 
48.4000 1.0000 1.0000 
48.5000 1.0000 1.0000 
48.6000 1.0000 1.0000 
48.7000 1.0000 1.0000 
48.8000 1.0000 1.0000 
48.9000 1.0000 1.0000 
49.0000 1.0000 1.0000 
49.1000 1.0000 1.0000 
49.2000 1.0000 1.0000 
49.3000 1.0000 1.0000 
49.4000 1.0000 1.0000 
49.5000 1.0000 1.0000 
49.6000 1.0000 1.0000 
49.7000 1.0000 1.0000 
49.8000 1.0000 1.0000 
49.9000 1.0000 1.0000 
50.0000 1.0000 1.0000 
50.1000 1.0000 1.0000 
50.2000 1.0000 1.0000 
50.3000 1.0000 1.0000 
50.4000 1.0000 1.0000 
50.5000 1.0000 1.0000 
50.6000 1.0000 1.0000 
50.7000 1.0000 1.0000 
50.8000 1.0000 1.0000 
50.9000 1.0000 1.0000 
51.0000 1.0000 1.0000 
51.1000 1.0000 1.0000 
51.2000 1.0000 1.0000 
51.3000 1.0000 1.0000 
51.4000 1.0000 1.0000 
51.5000 1.0000 1.0000 
51.6000 1.0000 1.0000 
51.7000 1.0000 1.0000 
51.8000 1.0000 1.0000 
51.9000 1.0000 1.0000 
52.0000 1.0000 1.0000 
52.1000 1.0000 1.0000 
52.2000 1.0000 1.0000 
52.3000 1.0000 1.0000 
52.4000 1.0000 1.0000 
52.5000 1.0000 1.0000 
52.6000 1.0000 1.0000 
52.7000 1.0000 1.0000 
52.8000 1.0000 1.0000 
52.9000 1.0000 1.0000 
53.0000 1.0000 1.0000 
53.1000 1.0000 1.0000 
53.2000 1.0000 1.0000 
53.3000 1.0000 1.0000 
53.4000 1.0000 1.0000 
53.5000 1.0000 1.0000 
53.6000 1.0000 1.0000 
53.7000 1.0000 1.0000 
53.8000 1.0000 1.0000 
53.9000 1.0000 1.0000 
54.0000 1.0000 1.0000 
54.1000 1.0000 1.0000 
54.2000 1.0000 1.0000 
54.3000 1.0000 1.0000 
54.4000 1.0000 1.0000 
54.5000 1.0000 1.0000 
54.6000 1.0000 1.0000 
54.7000 1.0000 1.0000 
54.8000 1.0000 1.0000 
54.9000 1.0000 1.0000 
55.0000 1.0000 1.0000 
55.1000 1.0000 1.0000 
55.2000 1.0000 1.0000 
55.3000 1.0000 1.0000 
55.4000 1.0000 1.0000 
55.5000 1.0000 1.0000 
55.6000 1.0000 1.0000 
55.7000 1.0000 1.0000 
55.8000 1.0000 1.0000 
55.9000 1.0000 1.0000 
56.0000 1.0000 1.0000 
56.1000 1.0000 1.0000 
56.2000 1.0000 1.0000 
56.3000 1.0000 1.0000 
56.4000 1.0000 1.0000 
56.5000 1.0000 1.0000 
56.6000 1.0000 0.9999 
56.7000 1.0000 0.9999 
56.8000 1.0000 0.9998 
56.9000 1.0000 0.9996 
57.0000 1.0000 0.9991 
57.1000 1.0000 0.9977 
57.2000 1.0000 0.9941 
57.3000 1.0000 0.9846 
57.4000 1.0000 0.9591 
57.5000 1.0000 0.8966 
57.6000 1.0000 0.7644 
57.7000 1.0000 0.5607 
57.8000 1.0000 0.3863 
57.9000 1.0000 0.3589 
58.0000 1.0000 0.6235 
58.1000 1.0000 0.9448 
58.2000 1.0000 0.9972 
58.3000 1.0000 0.9997 
58.4000 1.0000 1.0000 
58.5000 1.0000 1.0000 
58.6000 1.0000 1.0000 
58.7000 1.0000 1.0000 
58.8000 1.0000 1.0000 
58.9000 1.0000 1.0000 
59.0000 1.0000 1.0000 
59.1000 1.0000 1.0000 
59.2000 1.0000 1.0000 
59.3000 1.0000 1.0000 
59.4000 1.0000 1.0000 
59.5000 1.0000 1.0000 
59.6000 1.0000 1.0000 
59.7000 1.0000 1.0000 
59.8000 1.0000 1.0000 
59.9000 1.0000 1.0000 
60.0000 1.0000 1.0000 
60.1000 1.0000 1.0000 
60.2000 1.0000 0.9999 
60.3000 1.0000 0.9998 
60.4000 1.0000 0.9996 
60.5000 1.0000 0.9987 
60.6000 1.0000 0.9958 
60.7000 1.0000 0.9860 
60.8000 1.0000 0.9515 
60.9000 1.0000 0.8441 
61.0000 1.0000 0.5884 
61.1000 1.0000 0.2759 
61.2000 1.0000 0.1106 
61.3000 1.0000 0.0729 
61.4000 1.0000 0.2326 
61.5000 1.0000 0.9328 
61.6000 1.0000 0.9982 
61.7000 1.0000 0.9999 
61.8000 1.0000 1.0000 
61.9000 1.0000 1.0000 
62.0000 1.0000 1.0000 
62.1000 1.0000 1.0000 
62.2000 1.0000 1.0000 
62.3000 1.0000 1.0000 
62.4000 1.0000 1.0000 
62.5000 1.0000 1.0000 
62.6000 1.0000 1.0000 
62.7000 1.0000 1.0000 
62.8000 1.0000 1.0000 
62.9000 1.0000 1.0000 
63.0000 1.0000 1.0000 
63.1000 1.0000 1.0000 
63.2000 1.0000 1.0000 
63.3000 1.0000 1.0000 
63.4000 1.0000 1.0000 
63.5000 1.0000 1.0000 
63.6000 1.0000 1.0000 
63.7000 1.0000 1.0000 
63.8000 1.0000 1.0000 
63.9000 1.0000 1.0000 
64.0000 1.0000 1.0000 
64.1000 1.0000 1.0000 
64.2000 1.0000 1.0000 
64.3000 1.0000 1.0000 
64.4000 1.0000 1.0000 
64.5000 1.0000 1.0000 
64.6000 1.0000 1.0000 
64.7000 1.0000 1.0000 
64.8000 1.0000 1.0000 
64.9000 1.0000 1.0000 
65.0000 1.0000 1.0000 
65.1000 1.0000 1.0000 
65.2000 1.0000 1.0000 
65.3000 1.0000 1.0000 
65.4000 1.0000 1.0000 
65.5000 1.0000 1.0000 
65.6000 1.0000 1.0000 
65.7000 1.0000 1.0000 
65.8000 1.0000 1.0000 
65.9000 1.0000 1.0000 
66.0000 1.0000 1.0000 
66.1000 1.0000 1.0000 
66.2000 1.0000 1.0000 
66.3000 1.0000 1.0000 
66.4000 1.0000 1.0000 
66.5000 1.0000 1.0000 
66.6000 1.0000 1.0000 
66.7000 1.0000 1.0000 
66.8000 1.0000 1.0000 
66.9000 1.0000 1.0000 
67.0000 1.0000 1.0000 
67.1000 1.0000 1.0000 
67.2000 1.0000 1.0000 
67.3000 1.0000 1.0000 
67.4000 1.0000 1.0000 
67.5000 1.0000 1.0000 
67.6000 1.0000 1.0000 
67.7000 1.0000 1.0000 
67.8000 1.0000 1.0000 
67.9000 1.0000 1.0000 
68.0000 1.0000 1.0000 
68.1000 1.0000 1.0000 
68.2000 1.0000 1.0000 
68.3000 1.0000 1.0000 
68.4000 1.0000 1.0000 
68.5000 1.0000 1.0000 
68.6000 1.0000 1.0000 
68.7000 1.0000 1.0000 
68.8000 1.0000 1.0000 
68.9000 1.0000 1.0000 
69.0000 1.0000 1.0000 
69.1000 1.0000 1.0000 
69.2000 1.0000 1.0000 
69.3000 1.0000 1.0000 
69.4000 1.0000 1.0000 
69.5000 1.0000 1.0000 
69.6000 1.0000 1.0000 
69.7000 1.0000 1.0000 
69.8000 1.0000 1.0000 
69.9000 1.0000 1.0000 
70.0000 1.0000 1.0000 
70.1000 1.0000 1.0000 
70.2000 1.0000 1.0000 
70.3000 1.0000 1.0000 
70.4000 1.0000 1.0000 
70.5000 1.0000 1.0000 
70.6000 1.0000 1.0000 
70.7000 1.0000 1.0000 
70.8000 1.0000 1.0000 
70.9000 1.0000 1.0000 
71.0000 1.0000 1.0000 
71.1000 1.0000 1.0000 
71.2000 1.0000 1.0000 
71.3000 1.0000 1.0000 
71.4000 1.0000 1.0000 
71.5000 1.0000 1.0000 
71.6000 1.0000 1.0000 
71.7000 1.0000 1.0000 
71.8000 1.0000 1.0000 
71.9000 1.0000 1.0000 
72.0000 1.0000 1.0000 
72.1000 1.0000 1.0000 
72.2000 1.0000 1.0000 
72.3000 1.0000 1.0000 
72.4000 1.0000 1.0000 
72.5000 1.0000 1.0000 
72.6000 1.0000 1.0000 
72.7000 1.0000 1.0000 
72.8000 1.0000 1.0000 
72.9000 1.0000 1.0000 
73.0000 1.0000 1.0000 
73.1000 1.0000 1.0000 
73.2000 1.0000 1.0000 
73.3000 1.0000 1.0000 
73.4000 1.0000 1.0000 
73.5000 1.0000 1.0000 
73.6000 1.0000 1.0000 
73.7000 1.0000 1.0000 
73.8000 1.0000 1.0000 
73.9000 1.0000 1.0000 
74.0000 1.0000 1.0000 
74.1000 1.0000 1.0000 
74.2000 1.0000 1.0000 
74.3000 1.0000 1.0000 
74.4000 1.0000 1.0000 
74.5000 1.0000 1.0000 
74.6000 1.0000 1.0000 
74.7000 1.0000 1.0000 
74.8000 1.0000 1.0000 
74.9000 1.0000 1.0000 
75.0000 1.0000 1.0000 
75.1000 1.0000 1.0000 
75.2000 1.0000 1.0000 
75.3000 1.0000 1.0000 
75.4000 1.0000 1.0000 
75.5000 1.0000 1.0000 
75.6000 1.0000 1.0000 
75.7000 1.0000 1.0000 
75.8000 1.0000 1.0000 
75.9000 1.0000 1.0000 
76.0000 1.0000 1.0000 
76.1000 1.0000 1.0000 
76.2000 1.0000 1.0000 
76.3000 1.0000 1.0000 
76.4000 1.0000 1.0000 
76.5000 1.0000 1.0000 
76.6000 1.0000 1.0000 
76.7000 1.0000 1.0000 
76.8000 1.0000 1.0000 
76.9000 1.0000 1.0000 
77.0000 1.0000 1.0000 
77.1000 1.0000 1.0000 
77.2000 1.0000 1.0000 
77.3000 1.0000 1.0000 
77.4000 1.0000 1.0000 
77.5000 1.0000 1.0000 
77.6000 1.0000 1.0000 
77.7000 1.0000 1.0000 
77.8000 1.0000 1.0000 
77.9000 1.0000 1.0000 
78.0000 1.0000 1.0000 
78.1000 1.0000 1.0000 
78.2000 1.0000 1.0000 
78.3000 1.0000 1.0000 
78.4000 1.0000 1.0000 
78.5000 1.0000 1.0000 
78.6000 1.0000 1.0000 
78.7000 1.0000 1.0000 
78.8000 1.0000 1.0000 
78.9000 1.0000 1.0000 
79.0000 1.0000 1.0000 
79.1000 1.0000 1.0000 
79.2000 1.0000 1.0000 
79.3000 1.0000 1.0000 
79.4000 1.0000 1.0000 
79.5000 1.0000 1.0000 
79.6000 1.0000 1.0000 
79.7000 1.0000 1.0000 
79.8000 1.0000 1.0000 
79.9000 1.0000 1.0000 
80.0000 1.0000 1.0000 
80.1000 1.0000 1.0000 
80.2000 1.0000 1.0000 
80.3000 1.0000 1.0000 
80.4000 1.0000 1.0000 
80.5000 1.0000 1.0000 
80.6000 1.0000 1.0000 
80.7000 1.0000 1.0000 
80.8000 1.0000 1.0000 
80.9000 1.0000 1.0000 
81.0000 1.0000 1.0000 
81.1000 1.0000 1.0000 
81.2000 1.0000 1.0000 
81.3000 1.0000 1.0000 
81.4000 1.0000 1.0000 
81.5000 1.0000 1.0000 
81.6000 1.0000 1.0000 
81.7000 1.0000 1.0000 
81.8000 1.0000 1.0000 
81.9000 1.0000 1.0000 
82.0000 1.0000 1.0000 
82.1000 1.0000 1.0000 
82.2000 1.0000 1.0000 
82.3000 1.0000 1.0000 
82.4000 1.0000 1.0000 
82.5000 1.0000 1.0000 
82.6000 1.0000 1.0000 
82.7000 1.0000 1.0000 
82.8000 1.0000 1.0000 
82.9000 1.0000 1.0000 
83.0000 1.0000 1.0000 
83.1000 1.0000 1.0000 
83.2000 1.0000 1.0000 
83.3000 1.0000 1.0000 
83.4000 1.0000 1.0000 
83.5000 1.0000 1.0000 
83.6000 1.0000 1.0000 
83.7000 1.0000 1.0000 
83.8000 1.0000 1.0000 
83.9000 1.0000 1.0000 
84.0000 1.0000 1.0000 
84.1000 1.0000 1.0000 
84.2000 1.0000 1.0000 
84.3000 1.0000 1.0000 
84.4000 1.0000 1.0000 
84.5000 1.0000 1.0000 
84.6000 1.0000 1.0000 
84.7000 1.0000 1.0000 
84.8000 1.0000 1.0000 
84.9000 1.0000 1.0000 
85.0000 1.0000 0.9999 
85.1000 1.0000 0.9999 
85.2000 1.0000 0.9999 
85.3000 1.0000 0.9997 
85.4000 1.0000 0.9994 
85.5000 1.0000 0.9987 
85.6000 1.0000 0.9968 
85.7000 1.0000 0.9920 
85.8000 1.0000 0.9792 
85.9000 1.0000 0.9474 
86.0000 1.0000 0.8731 
86.1000 1.0000 0.7328 
86.2000 1.0000 0.5490 
86.3000 1.0000 0.4156 
86.4000 1.0000 0.4637 
86.5000 1.0000 0.7142 
86.6000 1.0000 0.9647 
86.7000 1.0000 0.9977 
86.8000 1.0000 0.9997 
86.9000 1.0000 0.9999 
87.0000 1.0000 1.0000 
87.1000 1.0000 1.0000 
87.2000 1.0000 1.0000 
87.3000 1.0000 1.0000 
87.4000 1.0000 1.0000 
87.5000 1.0000 1.0000 
87.6000 1.0000 1.0000 
87.7000 1.0000 1.0000 
87.8000 1.0000 0.9999 
87.9000 1.0000 0.9998 
88.0000 1.0000 0.9992 
88.1000 1.0000 0.9963 
88.2000 1.0000 0.9829 
88.3000 1.0000 0.9219 
88.4000 1.0000 0.7033 
88.5000 1.0000 0.3355 
88.6000 1.0000 0.1350 
88.7000 1.0000 0.0824 
88.8000 1.0000 0.1315 
88.9000 1.0000 0.7311 
89.0000 1.0000 0.9943 
89.1000 1.0000 0.9998 
89.2000 1.0000 1.0000 
89.3000 1.0000 1.0000 
89.4000 1.0000 1.0000 
89.5000 1.0000 1.0000 
89.6000 1.0000 1.0000 
89.7000 1.0000 1.0000 
89.8000 1.0000 1.0000 
89.9000 1.0000 1.0000 
90.0000 1.0000 1.0000 
90.1000 1.0000 1.0000 
90.2000 1.0000 1.0000 
90.3000 1.0000 1.0000 
90.4000 1.0000 1.0000 
90.5000 1.0000 1.0000 
90.6000 1.0000 1.0000 
90.7000 1.0000 1.0000 
90.8000 1.0000 1.0000 
90.9000 1.0000 1.0000 
91.0000 1.0000 1.0000 
91.1000 1.0000 1.0000 
91.2000 1.0000 1.0000 
91.3000 1.0000 1.0000 
91.4000 1.0000 1.0000 
91.5000 1.0000 1.0000 
91.6000 1.0000 1.0000 
91.7000 1.0000 1.0000 
91.8000 1.0000 1.0000 
91.9000 1.0000 1.0000 
92.0000 1.0000 1.0000 
92.1000 1.0000 1.0000 
92.2000 1.0000 1.0000 
92.3000 1.0000 1.0000 
92.4000 1.0000 1.0000 
92.5000 1.0000 1.0000 
92.6000 1.0000 1.0000 
92.7000 1.0000 1.0000 
92.8000 1.0000 1.0000 
92.9000 1.0000 1.0000 
93.0000 1.0000 1.0000 
93.1000 1.0000 1.0000 
93.2000 1.0000 1.0000 
93.3000 1.0000 1.0000 
93.4000 1.0000 1.0000 
93.5000 1.0000 1.0000 
93.6000 1.0000 1.0000 
93.7000 1.0000 1.0000 
93.8000 1.0000 1.0000 
93.9000 1.0000 1.0000 
94.0000 1.0000 1.0000 
94.1000 1.0000 1.0000 
94.2000 1.0000 1.0000 
94.3000 1.0000 1.0000 
94.4000 1.0000 1.0000 
94.5000 1.0000 1.0000 
94.6000 1.0000 1.0000 
94.7000 1.0000 1.0000 
94.8000 1.0000 1.0000 
94.9000 1.0000 1.0000 
95.0000 1.0000 1.0000 
95.1000 1.0000 1.0000 
95.2000 1.0000 1.0000 
95.3000 1.0000 1.0000 
95.4000 1.0000 1.0000 
95.5000 1.0000 1.0000 
95.6000 1.0000 1.0000 
95.7000 1.0000 1.0000 
95.8000 1.0000 1.0000 
95.9000 1.0000 1.0000 
96.0000 1.0000 1.0000 
96.1000 1.0000 1.0000 
96.2000 1.0000 1.0000 
96.3000 1.0000 1.0000 
96.4000 1.0000 1.0000 
96.5000 1.0000 1.0000 
96.6000 1.0000 1.0000 
96.7000 1.0000 1.0000 
96.8000 1.0000 1.0000 
96.9000 1.0000 1.0000 
97.0000 1.0000 1.0000 
97.1000 1.0000 1.0000 
97.2000 1.0000 1.0000 
97.3000 1.0000 1.0000 
97.4000 1.0000 1.0000 
97.5000 1.0000 1.0000 
97.6000 1.0000 1.0000 
97.7000 1.0000 1.0000 
97.8000 1.0000 1.0000 
97.9000 1.0000 1.0000 
98.0000 1.0000 1.0000 
98.1000 1.0000 1.0000 
98.2000 1.0000 1.0000 
98.3000 1.0000 1.0000 
98.4000 1.0000 1.0000 
98.5000 1.0000 1.0000 
98.6000 1.0000 1.0000 
98.7000 1.0000 1.0000 
98.8000 1.0000 1.0000 
98.9000 1.0000 1.0000 
99.0000 1.0000 1.0000 
99.1000 1.0000 1.0000 
99.2000 1.0000 1.0000 
99.3000 1.0000 1.0000 
99.4000 1.0000 1.0000 
99.5000 1.0000 1.0000 
99.6000 1.0000 1.0000 
99.7000 1.0000 1.0000 
99.8000 1.0000 1.0000 
99.9000 1.0000 1.0000 
100.0000 1.0000 1.0000 
100.1000 1.0000 1.0000 
100.2000 1.0000 1.0000 
100.3000 1.0000 1.0000 
100.4000 1.0000 1.0000 
100.5000 1.0000 1.0000 
100.6000 1.0000 1.0000 
100.7000 1.0000 1.0000 
100.8000 1.0000 1.0000 
100.9000 1.0000 1.0000 
101.0000 1.0000 1.0000 
101.1000 1.0000 1.0000 
101.2000 1.0000 1.0000 
101.3000 1.0000 1.0000 
101.4000 1.0000 1.0000 
101.5000 1.0000 1.0000 
101.6000 1.0000 1.0000 
101.7000 1.0000 1.0000 
101.8000 1.0000 1.0000 
101.9000 1.0000 1.0000 
102.0000 1.0000 1.0000 
102.1000 1.0000 1.0000 
102.2000 1.0000 1.0000 
102.3000 1.0000 1.0000 
102.4000 1.0000 1.0000 
102.5000 1.0000 1.0000 
102.6000 1.0000 1.0000 
102.7000 1.0000 1.0000 
102.8000 1.0000 1.0000 
102.9000 1.0000 1.0000 
103.0000 1.0000 1.0000 
103.1000 1.0000 1.0000 
103.2000 1.0000 1.0000 
103.3000 1.0000 1.0000 
103.4000 1.0000 1.0000 
103.5000 1.0000 1.0000 
103.6000 1.0000 1.0000 
103.7000 1.0000 1.0000 
103.8000 1.0000 1.0000 
103.9000 1.0000 1.0000 
104.0000 1.0000 1.0000 
104.1000 1.0000 1.0000 
104.2000 1.0000 1.0000 
104.3000 1.0000 1.0000 
104.4000 1.0000 1.0000 
104.5000 1.0000 1.0000 
104.6000 1.0000 1.0000 
104.7000 1.0000 1.0000 
104.8000 1.0000 1.0000 
104.9000 1.0000 1.0000 
105.0000 1.0000 1.0000 
105.1000 1.0000 1.0000 
105.2000 1.0000 1.0000 
105.3000 1.0000 1.0000 
105.4000 1.0000 1.0000 
105.5000 1.0000 1.0000 
105.6000 1.0000 1.0000 
105.7000 1.0000 1.0000 
105.8000 1.0000 1.0000 
105.9000 1.0000 1.0000 
106.0000 1.0000 1.0000 
106.1000 1.0000 1.0000 
106.2000 1.0000 1.0000 
106.3000 1.0000 1.0000 
106.4000 1.0000 1.0000 
106.5000 1.0000 1.0000 
106.6000 1.0000 1.0000 
106.7000 1.0000 1.0000 
106.8000 1.0000 1.0000 
106.9000 1.0000 1.0000 
107.0000 1.0000 1.0000 
107.1000 1.0000 1.0000 
107.2000 1.0000 1.0000 
107.3000 1.0000 1.0000 
107.4000 1.0000 1.0000 
107.5000 1.0000 1.0000 
107.6000 1.0000 1.0000 
107.7000 1.0000 1.0000 
107.8000 1.0000 1.0000 
107.9000 1.0000 1.0000 
108.0000 1.0000 1.0000 
108.1000 1.0000 1.0000 
108.2000 1.0000 1.0000 
108.3000 1.0000 1.0000 
108.4000 1.0000 1.0000 
108.5000 1.0000 1.0000 
108.6000 1.0000 1.0000 
108.7000 1.0000 1.0000 
108.8000 1.0000 1.0000 
108.9000 1.0000 1.0000 
109.0000 1.0000 1.0000 
109.1000 1.0000 1.0000 
109.2000 1.0000 1.0000 
109.3000 1.0000 1.0000 
109.4000 1.0000 1.0000 
109.5000 1.0000 1.0000 
109.6000 1.0000 1.0000 
109.7000 1.0000 1.0000 
109.8000 1.0000 1.0000 
109.9000 1.0000 1.0000 
110.0000 1.0000 1.0000 
110.1000 1.0000 1.0000 
110.2000 1.0000 1.0000 
110.3000 1.0000 1.0000 
110.4000 1.0000 1.0000 
110.5000 1.0000 1.0000 
110.6000 1.0000 1.0000 
110.7000 1.0000 1.0000 
110.8000 1.0000 1.0000 
110.9000 1.0000 1.0000 
111.0000 1.0000 1.0000 
111.1000 1.0000 1.0000 
111.2000 1.0000 1.0000 
111.3000 1.0000 1.0000 
111.4000 1.0000 1.0000 
111.5000 1.0000 1.0000 
111.6000 1.0000 1.0000 
111.7000 1.0000 1.0000 
111.8000 1.0000 1.0000 
111.9000 1.0000 1.0000 
112.0000 1.0000 1.0000 
112.1000 1.0000 0.9999 
112.2000 1.0000 0.9999 
112.3000 1.0000 0.9998 
112.4000 1.0000 0.9996 
112.5000 1.0000 0.9992 
112.6000 1.0000 0.9981 
112.7000 1.0000 0.9951 
112.8000 1.0000 0.9871 
112.9000 1.0000 0.9666 
113.0000 1.0000 0.9135 
113.1000 1.0000 0.7965 
113.2000 1.0000 0.6039 
113.3000 1.0000 0.4099 
113.4000 1.0000 0.3410 
113.5000 1.0000 0.5921 
113.6000 1.0000 0.9175 
113.7000 1.0000 0.9947 
113.8000 1.0000 0.9995 
113.9000 1.0000 0.9999 
114.0000 1.0000 1.0000 
114.1000 1.0000 1.0000 
114.2000 1.0000 1.0000 
114.3000 1.0000 1.0000 
114.4000 1.0000 1.0000 
114.5000 1.0000 1.0000 
114.6000 1.0000 1.0000 
114.7000 1.0000 1.0000 
114.8000 1.0000 1.0000 
114.9000 1.0000 1.0000 
115.0000 1.0000 1.0000 
115.1000 1.0000 1.0000 
115.2000 1.0000 1.0000 
115.3000 1.0000 1.0000 
115.4000 1.0000 1.0000 
115.5000 1.0000 1.0000 
115.6000 1.0000 1.0000 
115.7000 1.0000 1.0000 
115.8000 1.0000 1.0000 
115.9000 1.0000 0.9999 
116.0000 1.0000 0.9998 
116.1000 1.0000 0.9993 
116.2000 1.0000 0.9979 
116.3000 1.0000 0.9933 
116.4000 1.0000 0.9767 
116.5000 1.0000 0.9215 
116.6000 1.0000 0.7580 
116.7000 1.0000 0.4463 
116.8000 1.0000 0.1768 
116.9000 1.0000 0.0749 
117.0000 1.0000 0.0788 
117.1000 1.0000 0.5119 
117.2000 1.0000 0.9850 
117.3000 1.0000 0.9994 
117.4000 1.0000 1.0000 
117.5000 1.0000 1.0000 
117.6000 1.0000 1.0000 
117.7000 1.0000 1.0000 
117.8000 1.0000 1.0000 
117.9000 1.0000 1.0000 
118.0000 1.0000 1.0000 
118.1000 1.0000 1.0000 
118.2000 1.0000 1.0000 
118.3000 1.0000 1.0000 
118.4000 1.0000 1.0000 
118.5000 1.0000 1.0000 
118.6000 1.0000 1.0000 
118.7000 1.0000 1.0000 
118.8000 1.0000 1.0000 
118.9000 1.0000 1.0000 
119.0000 1.0000 1.0000 
119.1000 1.0000 1.0000 
119.2000 1.0000 1.0000 
119.3000 1.0000 1.0000 
119.4000 1.0000 1.0000 
119.5000 1.0000 1.0000 
119.6000 1.0000 1.0000 
119.7000 1.0000 1.0000 
119.8000 1.0000 1.0000 
119.9000 1.0000 1.0000 
120.0000 1.0000 1.0000 
120.1000 1.0000 1.0000 
120.2000 1.0000 1.0000 
120.3000 1.0000 1.0000 
120.4000 1.0000 1.0000 
120.5000 1.0000 1.0000 
120.6000 1.0000 1.0000 
120.7000 1.0000 1.0000 
120.8000 1.0000 1.0000 
120.9000 1.0000 1.0000 
121.0000 1.0000 1.0000 
121.1000 1.0000 1.0000 
121.2000 1.0000 1.0000 
121.3000 1.0000 1.0000 
121.4000 1.0000 1.0000 
121.5000 1.0000 1.0000 
121.6000 1.0000 1.0000 
121.7000 1.0000 1.0000 
121.8000 1.0000 1.0000 
121.9000 1.0000 1.0000 
122.0000 1.0000 1.0000 
122.1000 1.0000 1.0000 
122.2000 1.0000 1.0000 
122.3000 1.0000 1.0000 
122.4000 1.0000 1.0000 
122.5000 1.0000 1.0000 
122.6000 1.0000 1.0000 
122.7000 1.0000 1.0000 
122.8000 1.0000 1.0000 
122.9000 1.0000 1.0000 
123.0000 1.0000 1.0000 
123.1000 1.0000 1.0000 
123.2000 1.0000 1.0000 
123.3000 1.0000 1.0000 
123.4000 1.0000 1.0000 
123.5000 1.0000 1.0000 
123.6000 1.0000 1.0000 
123.7000 1.0000 1.0000 
123.8000 1.0000 1.0000 
123.9000 1.0000 1.0000 
124.0000 1.0000 1.0000 
124.1000 1.0000 1.0000 
124.2000 1.0000 1.0000 
124.3000 1.0000 1.0000 
124.4000 1.0000 1.0000 
124.5000 1.0000 1.0000 
124.6000 1.0000 1.0000 
124.7000 1.0000 1.0000 
124.8000 1.0000 1.0000 
124.9000 1.0000 1.0000 
125.0000 1.0000 1.0000 
125.1000 1.0000 1.0000 
125.2000 1.0000 1.0000 
125.3000 1.0000 1.0000 
125.4000 1.0000 1.0000 
125.5000 1.0000 1.0000 
125.6000 1.0000 1.0000 
125.7000 1.0000 1.0000 
125.8000 1.0000 1.0000 
125.9000 1.0000 1.0000 
126.0000 1.0000 1.0000 
126.1000 1.0000 1.0000 
126.2000 1.0000 1.0000 
126.3000 1.0000 1.0000 
126.4000 1.0000 1.0000 
126.5000 1.0000 1.0000 
126.6000 1.0000 1.0000 
126.7000 1.0000 1.0000 
126.8000 1.0000 1.0000 
126.9000 1.0000 1.0000 
127.0000 1.0000 1.0000 
127.1000 1.0000 1.0000 
127.2000 1.0000 1.0000 
127.3000 1.0000 1.0000 
127.4000 1.0000 1.0000 
127.5000 1.0000 1.0000 
127.6000 1.0000 1.0000 
127.7000 1.0000 1.0000 
127.8000 1.0000 1.0000 
127.9000 1.0000 1.0000 
128.0000 1.0000 1.0000 
128.1000 1.0000 1.0000 
128.2000 1.0000 1.0000 
128.3000 1.0000 1.0000 
128.4000 1.0000 1.0000 
128.5000 1.0000 1.0000 
128.6000 1.0000 1.0000 
128.7000 1.0000 1.0000 
128.8000 1.0000 1.0000 
128.9000 1.0000 1.0000 
129.0000 1.0000 1.0000 
129.1000 1.0000 1.0000 
129.2000 1.0000 1.0000 
129.3000 1.0000 1.0000 
129.4000 1.0000 1.0000 
129.5000 1.0000 1.0000 
129.6000 1.0000 1.0000 
129.7000 1.0000 1.0000 
129.8000 1.0000 1.0000 
129.9000 1.0000 1.0000 
130.0000 1.0000 1.0000 
130.1000 1.0000 1.0000 
130.2000 1.0000 1.0000 
130.3000 1.0000 1.0000 
130.4000 1.0000 1.0000 
130.5000 1.0000 1.0000 
130.6000 1.0000 1.0000 
130.7000 1.0000 1.0000 
130.8000 1.0000 1.0000 
130.9000 1.0000 1.0000 
131.0000 1.0000 1.0000 
131.1000 1.0000 1.0000 
131.2000 1.0000 1.0000 
131.3000 1.0000 1.0000 
131.4000 1.0000 1.0000 
131.5000 1.0000 1.0000 
131.6000 1.0000 1.0000 
131.7000 1.0000 1.0000 
131.8000 1.0000 1.0000 
131.9000 1.0000 1.0000 
132.0000 1.0000 1.0000 
132.1000 1.0000 1.0000 
132.2000 1.0000 1.0000 
132.3000 1.0000 1.0000 
132.4000 1.0000 1.0000 
132.5000 1.0000 1.0000 
132.6000 1.0000 1.0000 
132.7000 1.0000 1.0000 
132.8000 1.0000 1.0000 
132.9000 1.0000 1.0000 
133.0000 1.0000 1.0000 
133.1000 1.0000 1.0000 
133.2000 1.0000 1.0000 
133.3000 1.0000 1.0000 
133.4000 1.0000 1.0000 
133.5000 1.0000 1.0000 
133.6000 1.0000 1.0000 
133.7000 1.0000 1.0000 
133.8000 1.0000 1.0000 
133.9000 1.0000 1.0000 
134.0000 1.0000 1.0000 
134.1000 1.0000 1.0000 
134.2000 1.0000 1.0000 
134.3000 1.0000 1.0000 
134.4000 1.0000 1.0000 
134.5000 1.0000 1.0000 
134.6000 1.0000 1.0000 
134.7000 1.0000 1.0000 
134.8000 1.0000 1.0000 
134.9000 1.0000 1.0000 
135.0000 1.0000 1.0000 
135.1000 1.0000 1.0000 
135.2000 1.0000 1.0000 
135.3000 1.0000 1.0000 
135.4000 1.0000 1.0000 
135.5000 1.0000 1.0000 
135.6000 1.0000 1.0000 
135.7000 1.0000 1.0000 
135.8000 1.0000 1.0000 
135.9000 1.0000 1.0000 
136.0000 1.0000 1.0000 
136.1000 1.0000 1.0000 
136.2000 1.0000 1.0000 
136.3000 1.0000 1.0000 
136.4000 1.0000 1.0000 
136.5000 1.0000 1.0000 
136.6000 1.0000 1.0000 
136.7000 1.0000 1.0000 
136.8000 1.0000 1.0000 
136.9000 1.0000 1.0000 
137.0000 1.0000 1.0000 
137.1000 1.0000 1.0000 
137.2000 1.0000 1.0000 
137.3000 1.0000 1.0000 
137.4000 1.0000 1.0000 
137.5000 1.0000 1.0000 
137.6000 1.0000 1.0000 
137.7000 1.0000 1.0000 
137.8000 1.0000 1.0000 
137.9000 1.0000 1.0000 
138.0000 1.0000 1.0000 
138.1000 1.0000 1.0000 
138.2000 1.0000 1.0000 
138.3000 1.0000 1.0000 
138.4000 1.0000 1.0000 
138.5000 1.0000 1.0000 
138.6000 1.0000 1.0000 
138.7000 1.0000 1.0000 
138.8000 1.0000 1.0000 
138.9000 1.0000 1.0000 
139.0000 1.0000 1.0000 
139.1000 1.0000 1.0000 
139.2000 1.0000 1.0000 
139.3000 1.0000 1.0000 
139.4000 1.0000 1.0000 
139.5000 1.0000 1.0000 
139.6000 1.0000 1.0000 
139.7000 1.0000 1.0000 
139.8000 1.0000 1.0000 
139.9000 1.0000 1.0000 
140.0000 1.0000 1.0000 
140.1000 1.0000 1.0000 
140.2000 1.0000 1.0000 
140.3000 1.0000 1.0000 
140.4000 1.0000 1.0000 
140.5000 1.0000 1.0000 
140.6000 1.0000 1.0000 
140.7000 1.0000 1.0000 
140.8000 1.0000 1.0000 
140.9000 1.0000 0.9999 
141.0000 1.0000 0.9999 
141.1000 1.0000 0.9999 
141.2000 1.0000 0.9997 
141.3000 1.0000 0.9994 
141.4000 1.0000 0.9987 
141.5000 1.0000 0.9969 
141.6000 1.0000 0.9923 
141.7000 1.0000 0.9806 
141.8000 1.0000 0.9518 
141.9000 1.0000 0.8850 
142.0000 1.0000 0.7495 
142.1000 1.0000 0.5657 
142.2000 1.0000 0.4188 
142.3000 1.0000 0.4477 
142.4000 1.0000 0.7038 
142.5000 1.0000 0.9606 
142.6000 1.0000 0.9974 
142.7000 1.0000 0.9997 
142.8000 1.0000 0.9999 
142.9000 1.0000 1.0000 
143.0000 1.0000 1.0000 
143.1000 1.0000 1.0000 
143.2000 1.0000 1.0000 
143.3000 1.0000 1.0000 
143.4000 1.0000 0.9999 
143.5000 1.0000 0.9998 
143.6000 1.0000 0.9992 
143.7000 1.0000 0.9967 
143.8000 1.0000 0.9862 
143.9000 1.0000 0.9390 
144.0000 1.0000 0.7621 
144.1000 1.0000 0.4124 
144.2000 1.0000 0.1634 
144.3000 1.0000 0.0907 
144.4000 1.0000 0.1026 
144.5000 1.0000 0.5788 
144.6000 1.0000 0.9908 
144.7000 1.0000 0.9997 
144.8000 1.0000 1.0000 
144.9000 1.0000 1.0000 
145.0000 1.0000 1.0000 
145.1000 1.0000 1.0000 
145.2000 1.0000 1.0000 
145.3000 1.0000 1.0000 
145.4000 1.0000 1.0000 
145.5000 1.0000 1.0000 
145.6000 1.0000 1.0000 
145.7000 1.0000 1.0000 
145.8000 1.0000 1.0000 
145.9000 1.0000 1.0000 
146.0000 1.0000 1.0000 
146.1000 1.0000 1.0000 
146.2000 1.0000 1.0000 
146.3000 1.0000 1.0000 
146.4000 1.0000 1.0000 
146.5000 1.0000 1.0000 
146.6000 1.0000 1.0000 
146.7000 1.0000 1.0000 
146.8000 1.0000 1.0000 
146.9000 1.0000 1.0000 
147.0000 1.0000 1.0000 
147.1000 1.0000 1.0000 
147.2000 1.0000 1.0000 
147.3000 1.0000 1.0000 
147.4000 1.0000 1.0000 
147.5000 1.0000 1.0000 
147.6000 1.0000 1.0000 
147.7000 1.0000 1.0000 
147.8000 1.0000 1.0000 
147.9000 1.0000 1.0000 
148.0000 1.0000 1.0000 
148.1000 1.0000 1.0000 
148.2000 1.0000 1.0000 
148.3000 1.0000 1.0000 
148.4000 1.0000 1.0000 
148.5000 1.0000 1.0000 
148.6000 1.0000 1.0000 
148.7000 1.0000 1.0000 
148.8000 1.0000 1.0000 
148.9000 1.0000 1.0000 
149.0000 1.0000 1.0000 
149.1000 1.0000 1.0000 
149.2000 1.0000 1.0000 
149.3000 1.0000 1.0000 
149.4000 1.0000 1.0000 
149.5000 1.0000 1.0000 
149.6000 1.0000 1.0000 
149.7000 1.0000 1.0000 
149.8000 1.0000 1.0000 
149.9000 1.0000 1.0000 
150.0000 1.0000 1.0000 
150.1000 1.0000 1.0000 
150.2000 1.0000 1.0000 
150.3000 1.0000 1.0000 
150.4000 1.0000 1.0000 
150.5000 1.0000 1.0000 
150.6000 1.0000 1.0000 
150.7000 1.0000 1.0000 
150.8000 1.0000 1.0000 
150.9000 1.0000 1.0000 
151.0000 1.0000 1.0000 
151.1000 1.0000 1.0000 
151.2000 1.0000 1.0000 
151.3000 1.0000 1.0000 
151.4000 1.0000 1.0000 
151.5000 1.0000 1.0000 
151.6000 1.0000 1.0000 
151.7000 1.0000 1.0000 
151.8000 1.0000 1.0000 
151.9000 1.0000 1.0000 
152.0000 1.0000 1.0000 
152.1000 1.0000 1.0000 
152.2000 1.0000 1.0000 
152.3000 1.0000 1.0000 
152.4000 1.0000 1.0000 
152.5000 1.0000 1.0000 
152.6000 1.0000 1.0000 
152.7000 1.0000 1.0000 
152.8000 1.0000 1.0000 
152.9000 1.0000 1.0000 
153.0000 1.0000 1.0000 
153.1000 1.0000 1.0000 
153.2000 1.0000 1.0000 
153.3000 1.0000 1.0000 
153.4000 1.0000 1.0000 
153.5000 1.0000 1.0000 
153.6000 1.0000 1.0000 
153.7000 1.0000 1.0000 
153.8000 1.0000 1.0000 
153.9000 1.0000 1.0000 
154.0000 1.0000 1.0000 
154.1000 1.0000 1.0000 
154.2000 1.0000 1.0000 
154.3000 1.0000 1.0000 
154.4000 1.0000 1.0000 
154.5000 1.0000 1.0000 
154.6000 1.0000 1.0000 
154.7000 1.0000 1.0000 
154.8000 1.0000 1.0000 
154.9000 1.0000 1.0000 
155.0000 1.0000 1.0000 
155.1000 1.0000 1.0000 
155.2000 1.0000 1.0000 
155.3000 1.0000 1.0000 
155.4000 1.0000 1.0000 
155.5000 1.0000 1.0000 
155.6000 1.0000 1.0000 
155.7000 1.0000 1.0000 
155.8000 1.0000 1.0000 
155.9000 1.0000 1.0000 
156.0000 1.0000 1.0000 
156.1000 1.0000 1.0000 
156.2000 1.0000 1.0000 
156.3000 1.0000 1.0000 
156.4000 1.0000 1.0000 
156.5000 1.0000 1.0000 
156.6000 1.0000 1.0000 
156.7000 1.0000 1.0000 
156.8000 1.0000 1.0000 
156.9000 1.0000 1.0000 
157.0000 1.0000 1.0000 
157.1000 1.0000 1.0000 
157.2000 1.0000 1.0000 
157.3000 1.0000 1.0000 
157.4000 1.0000 1.0000 
157.5000 1.0000 1.0000 
157.6000 1.0000 1.0000 
157.7000 1.0000 1.0000 
157.8000 1.0000 1.0000 
157.9000 1.0000 1.0000 
158.0000 1.0000 1.0000 
158.1000 1.0000 1.0000 
158.2000 1.0000 1.0000 
158.3000 1.0000 1.0000 
158.4000 1.0000 1.0000 
158.5000 1.0000 1.0000 
158.6000 1.0000 1.0000 
158.7000 1.0000 1.0000 
158.8000 1.0000 1.0000 
158.9000 1.0000 1.0000 
159.0000 1.0000 1.0000 
159.1000 1.0000 1.0000 
159.2000 1.0000 1.0000 
159.3000 1.0000 1.0000 
159.4000 1.0000 1.0000 
159.5000 1.0000 1.0000 
159.6000 1.0000 1.0000 
159.7000 1.0000 1.0000 
159.8000 1.0000 1.0000 
159.9000 1.0000 1.0000 
160.0000 1.0000 1.0000 
160.1000 1.0000 1.0000 
160.2000 1.0000 1.0000 
160.3000 1.0000 1.0000 
160.4000 1.0000 1.0000 
160.5000 1.0000 1.0000 
160.6000 1.0000 1.0000 
160.7000 1.0000 1.0000 
160.8000 1.0000 1.0000 
160.9000 1.0000 1.0000 
161.0000 1.0000 1.0000 
161.1000 1.0000 1.0000 
161.2000 1.0000 1.0000 
161.3000 1.0000 1.0000 
161.4000 1.0000 1.0000 
161.5000 1.0000 1.0000 
161.6000 1.0000 1.0000 
161.7000 1.0000 1.0000 
161.8000 1.0000 1.0000 
161.9000 1.0000 1.0000 
162.0000 1.0000 1.0000 
162.1000 1.0000 1.0000 
162.2000 1.0000 1.0000 
162.3000 1.0000 1.0000 
162.4000 1.0000 1.0000 
162.5000 1.0000 1.0000 
162.6000 1.0000 1.0000 
162.7000 1.0000 1.0000 
162.8000 1.0000 1.0000 
162.9000 1.0000 1.0000 
163.0000 1.0000 1.0000 
163.1000 1.0000 1.0000 
163.2000 1.0000 1.0000 
163.3000 1.0000 1.0000 
163.4000 1.0000 1.0000 
163.5000 1.0000 1.0000 
163.6000 1.0000 1.0000 
163.7000 1.0000 1.0000 
163.8000 1.0000 1.0000 
163.9000 1.0000 1.0000 
164.0000 1.0000 1.0000 
164.1000 1.0000 1.0000 
164.2000 1.0000 1.0000 
164.3000 1.0000 1.0000 
164.4000 1.0000 1.0000 
164.5000 1.0000 1.0000 
164.6000 1.0000 1.0000 
164.7000 1.0000 1.0000 
164.8000 1.0000 1.0000 
164.9000 1.0000 1.0000 
165.0000 1.0000 1.0000 
165.1000 1.0000 1.0000 
165.2000 1.0000 1.0000 
165.3000 1.0000 1.0000 
165.4000 1.0000 1.0000 
165.5000 1.0000 1.0000 
165.6000 1.0000 1.0000 
165.7000 1.0000 1.0000 
165.8000 1.0000 1.0000 
165.9000 1.0000 1.0000 
166.0000 1.0000 1.0000 
166.1000 1.0000 1.0000 
166.2000 1.0000 1.0000 
166.3000 1.0000 1.0000 
166.4000 1.0000 1.0000 
166.5000 1.0000 1.0000 
166.6000 1.0000 1.0000 
166.7000 1.0000 1.0000 
166.8000 1.0000 1.0000 
166.9000 1.0000 1.0000 
167.0000 1.0000 1.0000 
167.1000 1.0000 1.0000 
167.2000 1.0000 1.0000 
167.3000 1.0000 1.0000 
167.4000 1.0000 1.0000 
167.5000 1.0000 1.0000 
167.6000 1.0000 1.0000 
167.7000 1.0000 0.9999 
167.8000 1.0000 0.9999 
167.9000 1.0000 0.9999 
168.0000 1.0000 0.9997 
168.1000 1.0000 0.9993 
168.2000 1.0000 0.9984 
168.3000 1.0000 0.9959 
168.4000 1.0000 0.9890 
168.5000 1.0000 0.9714 
168.6000 1.0000 0.9254 
168.7000 1.0000 0.8212 
168.8000 1.0000 0.6324 
168.9000 1.0000 0.4406 
169.0000 1.0000 0.3456 
169.1000 1.0000 0.5191 
169.2000 1.0000 0.8546 
169.3000 1.0000 0.9899 
169.4000 1.0000 0.9992 
169.5000 1.0000 0.9999 
169.6000 1.0000 1.0000 
169.7000 1.0000 1.0000 
169.8000 1.0000 1.0000 
169.9000 1.0000 1.0000 
170.0000 1.0000 1.0000 
170.1000 1.0000 1.0000 
170.2000 1.0000 1.0000 
170.3000 1.0000 1.0000 
170.4000 1.0000 1.0000 
170.5000 1.0000 1.0000 
170.6000 1.0000 1.0000 
170.7000 1.0000 1.0000 
170.8000 1.0000 1.0000 
170.9000 1.0000 1.0000 
171.0000 1.0000 1.0000 
171.1000 1.0000 1.0000 
171.2000 1.0000 1.0000 
171.3000 1.0000 1.0000 
171.4000 1.0000 1.0000 
171.5000 1.0000 1.0000 
171.6000 1.0000 0.9999 
171.7000 1.0000 0.9999 
171.8000 1.0000 0.9997 
171.9000 1.0000 0.9993 
172.0000 1.0000 0.9978 
172.1000 1.0000 0.9932 
172.2000 1.0000 0.9774 
172.3000 1.0000 0.9258 
172.4000 1.0000 0.7794 
172.5000 1.0000 0.4878 
172.6000 1.0000 0.2078 
172.7000 1.0000 0.0892 
172.8000 1.0000 0.0840 
172.9000 1.0000 0.4599 
173.0000 1.0000 0.9810 
173.1000 1.0000 0.9993 
173.2000 1.0000 0.9999 
173.3000 1.0000 1.0000 
173.4000 1.0000 1.0000 
173.5000 1.0000 1.0000 
173.6000 1.0000 1.0000 
173.7000 1.0000 1.0000 
173.8000 1.0000 1.0000 
173.9000 1.0000 1.0000 
174.0000 1.0000 1.0000 
174.1000 1.0000 1.0000 
174.2000 1.0000 1.0000 
174.3000 1.0000 1.0000 
174.4000 1.0000 1.0000 
174.5000 1.0000 1.0000 
174.6000 1.0000 1.0000 
174.7000 1.0000 1.0000 
174.8000 1.0000 1.0000 
174.9000 1.0000 1.0000 
175.0000 1.0000 1.0000 
175.1000 1.0000 1.0000 
175.2000 1.0000 1.0000 
175.3000 1.0000 1.0000 
175.4000 1.0000 1.0000 
175.5000 1.0000 1.0000 
175.6000 1.0000 1.0000 
175.7000 1.0000 1.0000 
175.8000 1.0000 1.0000 
175.9000 1.0000 1.0000 
176.0000 1.0000 1.0000 
176.1000 1.0000 1.0000 
176.2000 1.0000 1.0000 
176.3000 1.0000 1.0000 
176.4000 1.0000 1.0000 
176.5000 1.0000 1.0000 
176.6000 1.0000 1.0000 
176.7000 1.0000 1.0000 
176.8000 1.0000 1.0000 
176.9000 1.0000 1.0000 
177.0000 1.0000 1.0000 
177.1000 1.0000 1.0000 
177.2000 1.0000 1.0000 
177.3000 1.0000 1.0000 
177.4000 1.0000 1.0000 
177.5000 1.0000 1.0000 
177.6000 1.0000 1.0000 
177.7000 1.0000 1.0000 
177.8000 1.0000 1.0000 
177.9000 1.0000 1.0000 
178.0000 1.0000 1.0000 
178.1000 1.0000 1.0000 
178.2000 1.0000 1.0000 
178.3000 1.0000 1.0000 
178.4000 1.0000 1.0000 
178.5000 1.0000 1.0000 
178.6000 1.0000 1.0000 
178.7000 1.0000 1.0000 
178.8000 1.0000 1.0000 
178.9000 1.0000 1.0000 
179.0000 1.0000 1.0000 
179.1000 1.0000 1.0000 
179.2000 1.0000 1.0000 
179.3000 1.0000 1.0000 
179.4000 1.0000 1.0000 
179.5000 1.0000 1.0000 
179.6000 1.0000 1.0000 
179.7000 1.0000 1.0000 
179.8000 1.0000 1.0000 
179.9000 1.0000 1.0000 
180.0000 1.0000 1.0000 
180.1000 1.0000 1.0000 
180.2000 1.0000 1.0000 
180.3000 1.0000 1.0000 
180.4000 1.0000 1.0000 
180.5000 1.0000 1.0000 
180.6000 1.0000 1.0000 
180.7000 1.0000 1.0000 
180.8000 1.0000 1.0000 
180.9000 1.0000 1.0000 
181.0000 1.0000 1.0000 
181.1000 1.0000 1.0000 
181.2000 1.0000 1.0000 
181.3000 1.0000 1.0000 
181.4000 1.0000 1.0000 
181.5000 1.0000 1.0000 
181.6000 1.0000 1.0000 
181.7000 1.0000 1.0000 
181.8000 1.0000 1.0000 
181.9000 1.0000 1.0000 
182.0000 1.0000 1.0000 
182.1000 1.0000 1.0000 
182.2000 1.0000 1.0000 
182.3000 1.0000 1.0000 
182.4000 1.0000 1.0000 
182.5000 1.0000 1.0000 
182.6000 1.0000 1.0000 
182.7000 1.0000 1.0000 
182.8000 1.0000 1.0000 
182.9000 1.0000 1.0000 
183.0000 1.0000 1.0000 
183.1000 1.0000 1.0000 
183.2000 1.0000 1.0000 
183.3000 1.0000 1.0000 
183.4000 1.0000 1.0000 
183.5000 1.0000 1.0000 
183.6000 1.0000 1.0000 
183.7000 1.0000 1.0000 
183.8000 1.0000 1.0000 
183.9000 1.0000 1.0000 
184.0000 1.0000 1.0000 
184.1000 1.0000 1.0000 
184.2000 1.0000 1.0000 
184.3000 1.0000 1.0000 
184.4000 1.0000 1.0000 
184.5000 1.0000 1.0000 
184.6000 1.0000 1.0000 
184.7000 1.0000 1.0000 
184.8000 1.0000 1.0000 
184.9000 1.0000 1.0000 
185.0000 1.0000 1.0000 
185.1000 1.0000 1.0000 
185.2000 1.0000 1.0000 
185.3000 1.0000 1.0000 
185.4000 1.0000 1.0000 
185.5000 1.0000 1.0000 
185.6000 1.0000 1.0000 
185.7000 1.0000 1.0000 
185.8000 1.0000 1.0000 
185.9000 1.0000 1.0000 
186.0000 1.0000 1.0000 
186.1000 1.0000 1.0000 
186.2000 1.0000 1.0000 
186.3000 1.0000 1.0000 
186.4000 1.0000 1.0000 
186.5000 1.0000 1.0000 
186.6000 1.0000 1.0000 
186.7000 1.0000 1.0000 
186.8000 1.0000 1.0000 
186.9000 1.0000 1.0000 
187.0000 1.0000 1.0000 
187.1000 1.0000 1.0000 
187.2000 1.0000 1.0000 
187.3000 1.0000 1.0000 
187.4000 1.0000 1.0000 
187.5000 1.0000 1.0000 
187.6000 1.0000 1.0000 
187.7000 1.0000 1.0000 
187.8000 1.0000 1.0000 
187.9000 1.0000 1.0000 
188.0000 1.0000 1.0000 
188.1000 1.0000 1.0000 
188.2000 1.0000 1.0000 
188.3000 1.0000 1.0000 
188.4000 1.0000 1.0000 
188.5000 1.0000 1.0000 
188.6000 1.0000 1.0000 
188.7000 1.0000 1.0000 
188.8000 1.0000 1.0000 
188.9000 1.0000 1.0000 
189.0000 1.0000 1.0000 
189.1000 1.0000 1.0000 
189.2000 1.0000 1.0000 
189.3000 1.0000 1.0000 
189.4000 1.0000 1.0000 
189.5000 1.0000 1.0000 
189.6000 1.0000 1.0000 
189.7000 1.0000 1.0000 
189.8000 1.0000 1.0000 
189.9000 1.0000 1.0000 
190.0000 1.0000 1.0000 
190.1000 1.0000 1.0000 
190.2000 1.0000 1.0000 
190.3000 1.0000 1.0000 
190.4000 1.0000 1.0000 
190.5000 1.0000 1.0000 
190.6000 1.0000 1.0000 
190.7000 1.0000 1.0000 
190.8000 1.0000 1.0000 
190.9000 1.0000 1.0000 
191.0000 1.0000 1.0000 
191.1000 1.0000 1.0000 
191.2000 1.0000 1.0000 
191.3000 1.0000 1.0000 
191.4000 1.0000 1.0000 
191.5000 1.0000 1.0000 
191.6000 1.0000 1.0000 
191.7000 1.0000 1.0000 
191.8000 1.0000 1.0000 
191.9000 1.0000 1.0000 
192.0000 1.0000 1.0000 
192.1000 1.0000 1.0000 
192.2000 1.0000 1.0000 
192.3000 1.0000 1.0000 
192.4000 1.0000 1.0000 
192.5000 1.0000 1.0000 
192.6000 1.0000 1.0000 
192.7000 1.0000 1.0000 
192.8000 1.0000 1.0000 
192.9000 1.0000 1.0000 
193.0000 1.0000 1.0000 
193.1000 1.0000 1.0000 
193.2000 1.0000 1.0000 
193.3000 1.0000 1.0000 
193.4000 1.0000 1.0000 
193.5000 1.0000 1.0000 
193.6000 1.0000 1.0000 
193.7000 1.0000 1.0000 
193.8000 1.0000 1.0000 
193.9000 1.0000 1.0000 
194.0000 1.0000 1.0000 
194.1000 1.0000 1.0000 
194.2000 1.0000 1.0000 
194.3000 1.0000 1.0000 
194.4000 1.0000 1.0000 
194.5000 1.0000 1.0000 
194.6000 1.0000 1.0000 
194.7000 1.0000 1.0000 
194.8000 1.0000 1.0000 
194.9000 1.0000 1.0000 
195.0000 1.0000 1.0000 
195.1000 1.0000 1.0000 
195.2000 1.0000 1.0000 
195.3000 1.0000 1.0000 
195.4000 1.0000 1.0000 
195.5000 1.0000 1.0000 
195.6000 1.0000 1.0000 
195.7000 1.0000 1.0000 
195.8000 1.0000 1.0000 
195.9000 1.0000 1.0000 
196.0000 1.0000 1.0000 
196.1000 1.0000 0.9999 
196.2000 1.0000 0.9999 
196.3000 1.0000 0.9998 
196.4000 1.0000 0.9997 
196.5000 1.0000 0.9993 
196.6000 1.0000 0.9985 
196.7000 1.0000 0.9962 
196.8000 1.0000 0.9905 
196.9000 1.0000 0.9764 
197.0000 1.0000 0.9400 
197.1000 1.0000 0.8563 
197.2000 1.0000 0.7028 
197.3000 1.0000 0.5119 
197.4000 1.0000 0.3881 
197.5000 1.0000 0.4793 
197.6000 1.0000 0.7476 
197.7000 1.0000 0.9757 
197.8000 1.0000 0.9985 
197.9000 1.0000 0.9998 
198.0000 1.0000 1.0000 
198.1000 1.0000 1.0000 
198.2000 1.0000 1.0000 
198.3000 1.0000 1.0000 
198.4000 1.0000 1.0000 
198.5000 1.0000 1.0000 
198.6000 1.0000 1.0000 
198.7000 1.0000 1.0000 
198.8000 1.0000 1.0000 
198.9000 1.0000 1.0000 
199.0000 1.0000 1.0000 
199.1000 1.0000 1.0000 
199.2000 1.0000 1.0000 
199.3000 1.0000 0.9999 
199.4000 1.0000 0.9998 
199.5000 1.0000 0.9991 
199.6000 1.0000 0.9962 
199.7000 1.0000 0.9846 
199.8000 1.0000 0.9392 
199.9000 1.0000 0.7914 
200.0000 1.0000 0.4855 
200.1000 1.0000 0.1948 
