0.0000 0.0000 0.0000 0.0000
0.1000 0.0129 -0.0000 6.2832
0.2000 0.0258 -0.0000 6.2832
0.3000 0.0386 -0.0000 6.2831
0.4000 0.0515 -0.0000 6.2831
0.5000 0.0644 -0.0000 6.2831
0.6000 0.0773 -0.0000 6.2831
0.7000 0.0902 -0.0000 6.2831
0.8000 0.1030 -0.0000 6.2830
0.9000 0.1159 -0.0000 6.2830
1.0000 0.1288 -0.0000 6.2830
1.1000 0.1417 -0.0000 6.2830
1.2000 0.1546 -0.0000 6.2830
1.3000 0.1674 -0.0000 6.2829
1.4000 0.1803 -0.0000 6.2829
1.5000 0.1932 -0.0000 6.2829
1.6000 0.2061 -0.0000 6.2829
1.7000 0.2190 -0.0000 6.2829
1.8000 0.2318 -0.0000 6.2829
1.9000 0.2447 -0.0000 6.2828
2.0000 0.2576 -0.0000 6.2828
2.1000 0.2705 -0.0001 6.2828
2.2000 0.2834 -0.0001 6.2828
2.3000 0.2962 -0.0001 6.2828
2.4000 0.3091 -0.0001 6.2828
2.5000 0.3220 -0.0001 6.2827
2.6000 0.3349 -0.0001 6.2827
2.7000 0.3478 -0.0001 6.2827
2.8000 0.3606 -0.0001 6.2827
2.9000 0.3735 -0.0001 6.2827
3.0000 0.3864 -0.0001 6.2826
3.1000 0.3993 -0.0001 6.2826
3.2000 0.4122 -0.0001 6.2826
3.3000 0.4250 -0.0001 6.2826
3.4000 0.4379 -0.0001 6.2826
3.5000 0.4508 -0.0001 6.2826
3.6000 0.4637 -0.0002 6.2825
3.7000 0.4766 -0.0002 6.2825
3.8000 0.4894 -0.0002 6.2825
3.9000 0.5023 -0.0002 6.2825
4.0000 0.5152 -0.0002 6.2825
4.1000 0.5281 -0.0002 6.2825
4.2000 0.5410 -0.0002 6.2824
4.3000 0.5538 -0.0002 6.2824
4.4000 0.5667 -0.0002 6.2824
4.5000 0.5796 -0.0002 6.2824
4.6000 0.5925 -0.0002 6.2824
4.7000 0.6054 -0.0003 6.2823
4.8000 0.6182 -0.0003 6.2823
4.9000 0.6311 -0.0003 6.2823
5.0000 0.6440 -0.0003 6.2823
5.1000 0.6569 -0.0003 6.2823
5.2000 0.6698 -0.0003 6.2823
5.3000 0.6826 -0.0003 6.2822
5.4000 0.6955 -0.0003 6.2822
5.5000 0.7084 -0.0003 6.2822
5.6000 0.7213 -0.0004 6.2822
5.7000 0.7342 -0.0004 6.2822
5.8000 0.7470 -0.0004 6.2822
5.9000 0.7599 -0.0004 6.2821
6.0000 0.7728 -0.0004 6.2821
6.1000 0.7857 -0.0004 6.2821
6.2000 0.7986 -0.0004 6.2821
6.3000 0.8114 -0.0005 6.2821
6.4000 0.8243 -0.0005 6.2820
6.5000 0.8372 -0.0005 6.2820
6.6000 0.8501 -0.0005 6.2820
6.7000 0.8630 -0.0005 6.2820
6.8000 0.8758 -0.0005 6.2820
6.9000 0.8887 -0.0005 6.2820
7.0000 0.9016 -0.0006 6.2819
7.1000 0.9145 -0.0006 6.2819
7.2000 0.9274 -0.0006 6.2819
7.3000 0.9402 -0.0006 6.2819
7.4000 0.9531 -0.0006 6.2819
7.5000 0.9660 -0.0006 6.2819
7.6000 0.9789 -0.0007 6.2818
7.7000 0.9918 -0.0007 6.2818
7.8000 1.0046 -0.0007 6.2818
7.9000 1.0175 -0.0007 6.2818
8.0000 1.0304 -0.0007 6.2818
8.1000 1.0433 -0.0008 6.2817
8.2000 1.0562 -0.0008 6.2817
8.3000 1.0690 -0.0008 6.2817
8.4000 1.0819 -0.0008 6.2817
8.5000 1.0948 -0.0008 6.2817
8.6000 1.1077 -0.0008 6.2817
8.7000 1.1206 -0.0009 6.2816
8.8000 1.1334 -0.0009 6.2816
8.9000 1.1463 -0.0009 6.2816
9.0000 1.1592 -0.0009 6.2815
9.1000 1.1721 -0.0010 6.2814
9.2000 1.1850 -0.0010 6.2812
9.3000 1.1978 -0.0010 6.2808
9.4000 1.2107 -0.0010 6.2798
9.5000 1.2235 -0.0011 6.2768
9.6000 1.2361 -0.0013 6.2660
9.7000 1.2479 -0.0017 6.2258
9.8000 1.2568 -0.0029 6.0814
9.9000 1.2606 -0.0043 5.7485
10.0000 1.2613 -0.0050 5.2974
10.1000 1.2613 -0.0051 4.8185
10.2000 1.2613 -0.0052 4.3351
10.3000 1.2611 -0.0055 3.8621
10.4000 1.2544 -0.0104 3.6920
10.5000 1.2435 -0.0171 3.6894
10.6000 1.2325 -0.0238 3.6893
10.7000 1.2215 -0.0305 3.6893
10.8000 1.2105 -0.0372 3.6893
10.9000 1.1995 -0.0440 3.6893
11.0000 1.1885 -0.0507 3.6893
11.1000 1.1775 -0.0574 3.6893
11.2000 1.1665 -0.0641 3.6893
11.3000 1.1555 -0.0708 3.6893
11.4000 1.1445 -0.0775 3.6893
11.5000 1.1335 -0.0842 3.6893
11.6000 1.1225 -0.0909 3.6893
11.7000 1.1115 -0.0976 3.6893
11.8000 1.1005 -0.1043 3.6893
11.9000 1.0895 -0.1110 3.6893
12.0000 1.0785 -0.1177 3.6893
12.1000 1.0675 -0.1244 3.6893
12.2000 1.0565 -0.1311 3.6893
12.3000 1.0455 -0.1379 3.6893
12.4000 1.0346 -0.1446 3.6893
12.5000 1.0236 -0.1513 3.6893
12.6000 1.0126 -0.1580 3.6892
12.7000 1.0016 -0.1647 3.6892
12.8000 0.9906 -0.1714 3.6892
12.9000 0.9796 -0.1781 3.6892
13.0000 0.9686 -0.1848 3.6892
13.1000 0.9576 -0.1915 3.6892
13.2000 0.9466 -0.1982 3.6892
13.3000 0.9356 -0.2049 3.6892
13.4000 0.9246 -0.2116 3.6891
13.5000 0.9136 -0.2183 3.6891
13.6000 0.9026 -0.2250 3.6891
13.7000 0.8916 -0.2317 3.6891
13.8000 0.8806 -0.2384 3.6891
13.9000 0.8696 -0.2451 3.6891
14.0000 0.8586 -0.2519 3.6890
14.1000 0.8476 -0.2586 3.6890
14.2000 0.8366 -0.2653 3.6890
14.3000 0.8256 -0.2720 3.6890
14.4000 0.8146 -0.2787 3.6890
14.5000 0.8036 -0.2854 3.6890
14.6000 0.7926 -0.2921 3.6889
14.7000 0.7816 -0.2988 3.6889
14.8000 0.7706 -0.3055 3.6889
14.9000 0.7596 -0.3122 3.6889
15.0000 0.7486 -0.3189 3.6889
15.1000 0.7376 -0.3256 3.6889
15.2000 0.7266 -0.3323 3.6888
15.3000 0.7156 -0.3390 3.6888
15.4000 0.7046 -0.3457 3.6888
15.5000 0.6936 -0.3524 3.6888
15.6000 0.6826 -0.3591 3.6888
15.7000 0.6716 -0.3658 3.6888
15.8000 0.6606 -0.3725 3.6887
15.9000 0.6496 -0.3792 3.6887
16.0000 0.6386 -0.3859 3.6887
16.1000 0.6276 -0.3926 3.6887
16.2000 0.6166 -0.3993 3.6887
16.3000 0.6056 -0.4060 3.6886
16.4000 0.5946 -0.4127 3.6886
16.5000 0.5836 -0.4194 3.6886
16.6000 0.5726 -0.4261 3.6886
16.7000 0.5616 -0.4328 3.6886
16.8000 0.5506 -0.4395 3.6886
16.9000 0.5396 -0.4462 3.6885
17.0000 0.5286 -0.4529 3.6885
17.1000 0.5176 -0.4596 3.6885
17.2000 0.5066 -0.4663 3.6885
17.3000 0.4956 -0.4730 3.6885
17.4000 0.4846 -0.4797 3.6885
17.5000 0.4736 -0.4864 3.6884
17.6000 0.4626 -0.4931 3.6884
17.7000 0.4516 -0.4998 3.6884
17.8000 0.4406 -0.5065 3.6884
17.9000 0.4296 -0.5132 3.6884
18.0000 0.4186 -0.5199 3.6883
18.1000 0.4076 -0.5266 3.6883
18.2000 0.3966 -0.5333 3.6883
18.3000 0.3856 -0.5400 3.6883
18.4000 0.3746 -0.5467 3.6883
18.5000 0.3636 -0.5533 3.6883
18.6000 0.3526 -0.5600 3.6882
18.7000 0.3416 -0.5667 3.6882
18.8000 0.3306 -0.5734 3.6882
18.9000 0.3196 -0.5801 3.6882
19.0000 0.3086 -0.5868 3.6882
19.1000 0.2976 -0.5935 3.6882
19.2000 0.2866 -0.6002 3.6881
19.3000 0.2756 -0.6069 3.6881
19.4000 0.2646 -0.6136 3.6881
19.5000 0.2536 -0.6203 3.6881
19.6000 0.2425 -0.6270 3.6881
19.7000 0.2315 -0.6337 3.6881
19.8000 0.2205 -0.6404 3.6880
19.9000 0.2095 -0.6471 3.6880
20.0000 0.1985 -0.6538 3.6880
20.1000 0.1875 -0.6605 3.6880
20.2000 0.1765 -0.6671 3.6880
20.3000 0.1655 -0.6738 3.6879
20.4000 0.1545 -0.6805 3.6879
20.5000 0.1435 -0.6872 3.6879
20.6000 0.1325 -0.6939 3.6879
20.7000 0.1215 -0.7006 3.6879
20.8000 0.1105 -0.7073 3.6879
20.9000 0.0995 -0.7140 3.6878
21.0000 0.0885 -0.7207 3.6878
21.1000 0.0775 -0.7274 3.6878
21.2000 0.0665 -0.7341 3.6878
21.3000 0.0555 -0.7408 3.6878
21.4000 0.0445 -0.7474 3.6878
21.5000 0.0334 -0.7541 3.6877
21.6000 0.0224 -0.7608 3.6877
21.7000 0.0114 -0.7675 3.6877
21.8000 0.0004 -0.7742 3.6877
21.9000 -0.0106 -0.7809 3.6877
22.0000 -0.0216 -0.7876 3.6876
22.1000 -0.0326 -0.7943 3.6876
22.2000 -0.0436 -0.8010 3.6876
22.3000 -0.0546 -0.8076 3.6876
22.4000 -0.0656 -0.8143 3.6876
22.5000 -0.0766 -0.8210 3.6876
22.6000 -0.0876 -0.8277 3.6875
22.7000 -0.0986 -0.8344 3.6875
22.8000 -0.1096 -0.8411 3.6875
22.9000 -0.1207 -0.8478 3.6875
23.0000 -0.1317 -0.8545 3.6875
23.1000 -0.1427 -0.8611 3.6875
23.2000 -0.1537 -0.8678 3.6874
23.3000 -0.1647 -0.8745 3.6874
23.4000 -0.1757 -0.8812 3.6874
23.5000 -0.1867 -0.8879 3.6874
23.6000 -0.1977 -0.8946 3.6874
23.7000 -0.2087 -0.9013 3.6873
23.8000 -0.2197 -0.9079 3.6873
23.9000 -0.2307 -0.9146 3.6873
24.0000 -0.2418 -0.9213 3.6873
24.1000 -0.2528 -0.9280 3.6873
24.2000 -0.2638 -0.9347 3.6873
24.3000 -0.2748 -0.9414 3.6872
24.4000 -0.2858 -0.9481 3.6872
24.5000 -0.2968 -0.9547 3.6872
24.6000 -0.3078 -0.9614 3.6872
24.7000 -0.3188 -0.9681 3.6872
24.8000 -0.3298 -0.9748 3.6872
24.9000 -0.3408 -0.9815 3.6871
25.0000 -0.3519 -0.9882 3.6871
25.1000 -0.3629 -0.9948 3.6871
25.2000 -0.3739 -1.0015 3.6871
25.3000 -0.3849 -1.0082 3.6871
25.4000 -0.3959 -1.0149 3.6871
25.5000 -0.4069 -1.0216 3.6870
25.6000 -0.4179 -1.0283 3.6870
25.7000 -0.4289 -1.0349 3.6870
25.8000 -0.4399 -1.0416 3.6870
25.9000 -0.4510 -1.0483 3.6870
26.0000 -0.4620 -1.0550 3.6869
26.1000 -0.4730 -1.0617 3.6869
26.2000 -0.4840 -1.0683 3.6869
26.3000 -0.4950 -1.0750 3.6869
26.4000 -0.5060 -1.0817 3.6869
26.5000 -0.5170 -1.0884 3.6869
26.6000 -0.5280 -1.0951 3.6868
26.7000 -0.5390 -1.1017 3.6868
26.8000 -0.5501 -1.1084 3.6868
26.9000 -0.5611 -1.1151 3.6868
27.0000 -0.5721 -1.1218 3.6867
27.1000 -0.5831 -1.1285 3.6867
27.2000 -0.5941 -1.1351 3.6866
27.3000 -0.6051 -1.1418 3.6865
27.4000 -0.6161 -1.1485 3.6863
27.5000 -0.6271 -1.1552 3.6861
27.6000 -0.6382 -1.1618 3.6858
27.7000 -0.6492 -1.1685 3.6854
27.8000 -0.6602 -1.1751 3.6845
27.9000 -0.6712 -1.1817 3.6829
28.0000 -0.6822 -1.1883 3.6797
28.1000 -0.6931 -1.1948 3.6731
28.2000 -0.7039 -1.2011 3.6593
28.3000 -0.7146 -1.2069 3.6316
28.4000 -0.7248 -1.2121 3.5783
28.5000 -0.7344 -1.2160 3.4850
28.6000 -0.7433 -1.2185 3.3481
28.7000 -0.7521 -1.2197 3.1951
28.8000 -0.7623 -1.2197 3.0940
28.9000 -0.7736 -1.2188 3.0381
29.0000 -0.7859 -1.2174 3.0196
29.1000 -0.7986 -1.2159 3.0143
29.2000 -0.8113 -1.2142 3.0125
29.3000 -0.8241 -1.2126 3.0118
29.4000 -0.8368 -1.2109 3.0114
29.5000 -0.8496 -1.2092 3.0112
29.6000 -0.8624 -1.2075 3.0111
29.7000 -0.8751 -1.2059 3.0109
29.8000 -0.8879 -1.2042 3.0109
29.9000 -0.9007 -1.2025 3.0108
30.0000 -0.9134 -1.2008 3.0107
30.1000 -0.9262 -1.1991 3.0107
30.2000 -0.9390 -1.1975 3.0106
30.3000 -0.9517 -1.1958 3.0106
30.4000 -0.9645 -1.1941 3.0106
30.5000 -0.9773 -1.1924 3.0105
30.6000 -0.9901 -1.1907 3.0105
30.7000 -1.0028 -1.1890 3.0104
30.8000 -1.0156 -1.1874 3.0104
30.9000 -1.0284 -1.1857 3.0103
31.0000 -1.0411 -1.1840 3.0103
31.1000 -1.0539 -1.1823 3.0102
31.2000 -1.0667 -1.1806 3.0102
31.3000 -1.0794 -1.1789 3.0101
31.4000 -1.0922 -1.1772 3.0101
31.5000 -1.1050 -1.1756 3.0100
31.6000 -1.1177 -1.1739 3.0100
31.7000 -1.1305 -1.1722 3.0099
31.8000 -1.1433 -1.1705 3.0098
31.9000 -1.1560 -1.1688 3.0096
32.0000 -1.1688 -1.1671 3.0093
32.1000 -1.1815 -1.1654 3.0088
32.2000 -1.1943 -1.1637 3.0078
32.3000 -1.2070 -1.1620 3.0049
32.4000 -1.2195 -1.1602 2.9961
32.5000 -1.2314 -1.1582 2.9666
32.6000 -1.2415 -1.1560 2.8707
32.7000 -1.2472 -1.1536 2.6183
32.8000 -1.2489 -1.1521 2.2178
32.9000 -1.2493 -1.1511 1.7723
33.0000 -1.2493 -1.1502 1.3214
33.1000 -1.2483 -1.1481 0.9245
33.2000 -1.2415 -1.1397 0.8462
33.3000 -1.2329 -1.1301 0.8447
33.4000 -1.2244 -1.1205 0.8447
33.5000 -1.2158 -1.1108 0.8447
33.6000 -1.2073 -1.1012 0.8447
33.7000 -1.1987 -1.0916 0.8447
33.8000 -1.1902 -1.0819 0.8447
33.9000 -1.1816 -1.0723 0.8447
34.0000 -1.1731 -1.0627 0.8447
34.1000 -1.1645 -1.0531 0.8447
34.2000 -1.1560 -1.0434 0.8447
34.3000 -1.1474 -1.0338 0.8447
34.4000 -1.1389 -1.0242 0.8447
34.5000 -1.1303 -1.0145 0.8447
34.6000 -1.1218 -1.0049 0.8447
34.7000 -1.1132 -0.9953 0.8447
34.8000 -1.1047 -0.9856 0.8447
34.9000 -1.0961 -0.9760 0.8447
35.0000 -1.0876 -0.9664 0.8447
35.1000 -1.0790 -0.9567 0.8447
35.2000 -1.0705 -0.9471 0.8447
35.3000 -1.0619 -0.9375 0.8447
35.4000 -1.0533 -0.9278 0.8447
35.5000 -1.0448 -0.9182 0.8447
35.6000 -1.0362 -0.9086 0.8446
35.7000 -1.0277 -0.8989 0.8446
35.8000 -1.0191 -0.8893 0.8446
35.9000 -1.0106 -0.8797 0.8446
36.0000 -1.0020 -0.8701 0.8446
36.1000 -0.9935 -0.8604 0.8446
36.2000 -0.9849 -0.8508 0.8446
36.3000 -0.9764 -0.8412 0.8446
36.4000 -0.9678 -0.8315 0.8445
36.5000 -0.9593 -0.8219 0.8445
36.6000 -0.9507 -0.8123 0.8445
36.7000 -0.9422 -0.8026 0.8445
36.8000 -0.9336 -0.7930 0.8445
36.9000 -0.9251 -0.7834 0.8445
37.0000 -0.9165 -0.7738 0.8444
37.1000 -0.9079 -0.7641 0.8444
37.2000 -0.8994 -0.7545 0.8444
37.3000 -0.8908 -0.7449 0.8444
37.4000 -0.8823 -0.7352 0.8444
37.5000 -0.8737 -0.7256 0.8443
37.6000 -0.8652 -0.7160 0.8443
37.7000 -0.8566 -0.7064 0.8443
37.8000 -0.8481 -0.6967 0.8443
37.9000 -0.8395 -0.6871 0.8443
38.0000 -0.8309 -0.6775 0.8443
38.1000 -0.8224 -0.6678 0.8442
38.2000 -0.8138 -0.6582 0.8442
38.3000 -0.8053 -0.6486 0.8442
38.4000 -0.7967 -0.6390 0.8442
38.5000 -0.7882 -0.6293 0.8442
38.6000 -0.7796 -0.6197 0.8442
38.7000 -0.7710 -0.6101 0.8441
38.8000 -0.7625 -0.6005 0.8441
38.9000 -0.7539 -0.5908 0.8441
39.0000 -0.7454 -0.5812 0.8441
39.1000 -0.7368 -0.5716 0.8441
39.2000 -0.7283 -0.5620 0.8441
39.3000 -0.7197 -0.5523 0.8440
39.4000 -0.7111 -0.5427 0.8440
39.5000 -0.7026 -0.5331 0.8440
39.6000 -0.6940 -0.5235 0.8440
39.7000 -0.6855 -0.5138 0.8440
39.8000 -0.6769 -0.5042 0.8439
39.9000 -0.6684 -0.4946 0.8439
40.0000 -0.6598 -0.4850 0.8439
40.1000 -0.6512 -0.4753 0.8439
40.2000 -0.6427 -0.4657 0.8439
40.3000 -0.6341 -0.4561 0.8439
40.4000 -0.6256 -0.4465 0.8438
40.5000 -0.6170 -0.4368 0.8438
40.6000 -0.6084 -0.4272 0.8438
40.7000 -0.5999 -0.4176 0.8438
40.8000 -0.5913 -0.4080 0.8438
40.9000 -0.5828 -0.3983 0.8438
41.0000 -0.5742 -0.3887 0.8437
41.1000 -0.5656 -0.3791 0.8437
41.2000 -0.5571 -0.3695 0.8437
41.3000 -0.5485 -0.3598 0.8437
41.4000 -0.5399 -0.3502 0.8437
41.5000 -0.5314 -0.3406 0.8436
41.6000 -0.5228 -0.3310 0.8436
41.7000 -0.5143 -0.3214 0.8436
41.8000 -0.5057 -0.3117 0.8436
41.9000 -0.4971 -0.3021 0.8436
42.0000 -0.4886 -0.2925 0.8436
42.1000 -0.4800 -0.2829 0.8435
42.2000 -0.4714 -0.2732 0.8435
42.3000 -0.4629 -0.2636 0.8435
42.4000 -0.4543 -0.2540 0.8435
42.5000 -0.4458 -0.2444 0.8435
42.6000 -0.4372 -0.2348 0.8435
42.7000 -0.4286 -0.2251 0.8434
42.8000 -0.4201 -0.2155 0.8434
42.9000 -0.4115 -0.2059 0.8434
43.0000 -0.4029 -0.1963 0.8434
43.1000 -0.3944 -0.1867 0.8434
43.2000 -0.3858 -0.1770 0.8434
43.3000 -0.3772 -0.1674 0.8433
43.4000 -0.3687 -0.1578 0.8433
43.5000 -0.3601 -0.1482 0.8433
43.6000 -0.3515 -0.1386 0.8433
43.7000 -0.3430 -0.1289 0.8433
43.8000 -0.3344 -0.1193 0.8432
43.9000 -0.3258 -0.1097 0.8432
44.0000 -0.3173 -0.1001 0.8432
44.1000 -0.3087 -0.0905 0.8432
44.2000 -0.3002 -0.0809 0.8432
44.3000 -0.2916 -0.0712 0.8432
44.4000 -0.2830 -0.0616 0.8431
44.5000 -0.2744 -0.0520 0.8431
44.6000 -0.2659 -0.0424 0.8431
44.7000 -0.2573 -0.0328 0.8431
44.8000 -0.2487 -0.0231 0.8431
44.9000 -0.2402 -0.0135 0.8431
45.0000 -0.2316 -0.0039 0.8430
45.1000 -0.2230 0.0057 0.8430
45.2000 -0.2145 0.0153 0.8430
45.3000 -0.2059 0.0249 0.8430
45.4000 -0.1973 0.0346 0.8430
45.5000 -0.1888 0.0442 0.8429
45.6000 -0.1802 0.0538 0.8429
45.7000 -0.1716 0.0634 0.8429
45.8000 -0.1631 0.0730 0.8429
45.9000 -0.1545 0.0826 0.8429
46.0000 -0.1459 0.0923 0.8429
46.1000 -0.1374 0.1019 0.8428
46.2000 -0.1288 0.1115 0.8428
46.3000 -0.1202 0.1211 0.8428
46.4000 -0.1116 0.1307 0.8428
46.5000 -0.1031 0.1403 0.8428
46.6000 -0.0945 0.1499 0.8428
46.7000 -0.0859 0.1596 0.8427
46.8000 -0.0774 0.1692 0.8427
46.9000 -0.0688 0.1788 0.8427
47.0000 -0.0602 0.1884 0.8427
47.1000 -0.0517 0.1980 0.8427
47.2000 -0.0431 0.2076 0.8427
47.3000 -0.0345 0.2172 0.8426
47.4000 -0.0259 0.2269 0.8426
47.5000 -0.0174 0.2365 0.8426
47.6000 -0.0088 0.2461 0.8426
47.7000 -0.0002 0.2557 0.8426
47.8000 0.0084 0.2653 0.8425
47.9000 0.0169 0.2749 0.8425
48.0000 0.0255 0.2845 0.8425
48.1000 0.0341 0.2941 0.8425
48.2000 0.0426 0.3038 0.8425
48.3000 0.0512 0.3134 0.8425
48.4000 0.0598 0.3230 0.8424
48.5000 0.0684 0.3326 0.8424
48.6000 0.0769 0.3422 0.8424
48.7000 0.0855 0.3518 0.8424
48.8000 0.0941 0.3614 0.8424
48.9000 0.1027 0.3710 0.8424
49.0000 0.1112 0.3807 0.8423
49.1000 0.1198 0.3903 0.8423
49.2000 0.1284 0.3999 0.8423
49.3000 0.1370 0.4095 0.8423
49.4000 0.1455 0.4191 0.8423
49.5000 0.1541 0.4287 0.8422
49.6000 0.1627 0.4383 0.8422
49.7000 0.1713 0.4479 0.8422
49.8000 0.1798 0.4575 0.8422
49.9000 0.1884 0.4671 0.8422
50.0000 0.1970 0.4768 0.8422
50.1000 0.2056 0.4864 0.8421
50.2000 0.2141 0.4960 0.8421
50.3000 0.2227 0.5056 0.8421
50.4000 0.2313 0.5152 0.8421
50.5000 0.2399 0.5248 0.8421
50.6000 0.2484 0.5344 0.8421
50.7000 0.2570 0.5440 0.8420
50.8000 0.2656 0.5536 0.8420
50.9000 0.2742 0.5632 0.8420
51.0000 0.2828 0.5728 0.8420
51.1000 0.2913 0.5825 0.8420
51.2000 0.2999 0.5921 0.8420
51.3000 0.3085 0.6017 0.8419
51.4000 0.3171 0.6113 0.8419
51.5000 0.3256 0.6209 0.8419
51.6000 0.3342 0.6305 0.8419
51.7000 0.3428 0.6401 0.8419
51.8000 0.3514 0.6497 0.8418
51.9000 0.3600 0.6593 0.8418
52.0000 0.3685 0.6689 0.8418
52.1000 0.3771 0.6785 0.8418
52.2000 0.3857 0.6881 0.8418
52.3000 0.3943 0.6977 0.8418
52.4000 0.4029 0.7073 0.8417
52.5000 0.4114 0.7170 0.8417
52.6000 0.4200 0.7266 0.8417
52.7000 0.4286 0.7362 0.8417
52.8000 0.4372 0.7458 0.8417
52.9000 0.4458 0.7554 0.8417
53.0000 0.4543 0.7650 0.8416
53.1000 0.4629 0.7746 0.8416
53.2000 0.4715 0.7842 0.8416
53.3000 0.4801 0.7938 0.8416
53.4000 0.4887 0.8034 0.8416
53.5000 0.4973 0.8130 0.8415
53.6000 0.5058 0.8226 0.8415
53.7000 0.5144 0.8322 0.8415
53.8000 0.5230 0.8418 0.8415
53.9000 0.5316 0.8514 0.8415
54.0000 0.5402 0.8610 0.8415
54.1000 0.5488 0.8706 0.8414
54.2000 0.5573 0.8802 0.8414
54.3000 0.5659 0.8898 0.8414
54.4000 0.5745 0.8994 0.8414
54.5000 0.5831 0.9090 0.8414
54.6000 0.5917 0.9186 0.8414
54.7000 0.6003 0.9282 0.8413
54.8000 0.6088 0.9378 0.8413
54.9000 0.6174 0.9474 0.8413
55.0000 0.6260 0.9571 0.8413
55.1000 0.6346 0.9667 0.8413
55.2000 0.6432 0.9763 0.8412
55.3000 0.6518 0.9859 0.8412
55.4000 0.6603 0.9955 0.8412
55.5000 0.6689 1.0051 0.8412
55.6000 0.6775 1.0147 0.8412
55.7000 0.6861 1.0243 0.8412
55.8000 0.6947 1.0339 0.8411
55.9000 0.7033 1.0435 0.8411
56.0000 0.7119 1.0531 0.8411
56.1000 0.7205 1.0627 0.8411
56.2000 0.7290 1.0723 0.8411
56.3000 0.7376 1.0819 0.8411
56.4000 0.7462 1.0915 0.8410
56.5000 0.7548 1.1011 0.8410
56.6000 0.7634 1.1107 0.8410
56.7000 0.7720 1.1203 0.8410
56.8000 0.7806 1.1299 0.8409
56.9000 0.7891 1.1395 0.8408
57.0000 0.7977 1.1491 0.8406
57.1000 0.8063 1.1586 0.8402
57.2000 0.8149 1.1682 0.8390
57.3000 0.8235 1.1777 0.8362
57.4000 0.8320 1.1871 0.8287
57.5000 0.8404 1.1961 0.8088
57.6000 0.8486 1.2043 0.7585
57.7000 0.8561 1.2106 0.6440
57.8000 0.8623 1.2143 0.4305
57.9000 0.8671 1.2157 0.1322
58.0000 0.8717 1.2156 6.1037
58.1000 0.8794 1.2134 5.9207
58.2000 0.8907 1.2090 5.8939
58.3000 0.9026 1.2041 5.8925
58.4000 0.9145 1.1992 5.8924
58.5000 0.9264 1.1943 5.8923
58.6000 0.9383 1.1894 5.8923
58.7000 0.9503 1.1845 5.8923
58.8000 0.9622 1.1795 5.8923
58.9000 0.9741 1.1746 5.8923
59.0000 0.9860 1.1697 5.8923
59.1000 0.9979 1.1648 5.8923
59.2000 1.0098 1.1599 5.8923
59.3000 1.0217 1.1550 5.8923
59.4000 1.0336 1.1501 5.8923
59.5000 1.0455 1.1452 5.8923
59.6000 1.0574 1.1403 5.8923
59.7000 1.0693 1.1354 5.8923
59.8000 1.0813 1.1305 5.8923
59.9000 1.0932 1.1256 5.8923
60.0000 1.1051 1.1207 5.8923
60.1000 1.1170 1.1158 5.8923
60.2000 1.1289 1.1108 5.8923
60.3000 1.1408 1.1059 5.8923
60.4000 1.1527 1.1010 5.8922
60.5000 1.1646 1.0961 5.8920
60.6000 1.1765 1.0912 5.8913
60.7000 1.1884 1.0863 5.8893
60.8000 1.2001 1.0814 5.8825
60.9000 1.2113 1.0765 5.8589
61.0000 1.2210 1.0716 5.7832
61.1000 1.2273 1.0674 5.5831
61.2000 1.2295 1.0646 5.2312
61.3000 1.2299 1.0633 4.7989
61.4000 1.2298 1.0624 4.3483
61.5000 1.2283 1.0598 3.9753
61.6000 1.2200 1.0511 3.9426
61.7000 1.2111 1.0418 3.9417
61.8000 1.2021 1.0326 3.9417
61.9000 1.1931 1.0234 3.9416
62.0000 1.1842 1.0141 3.9416
62.1000 1.1752 1.0049 3.9416
62.2000 1.1662 0.9956 3.9416
62.3000 1.1573 0.9864 3.9416
62.4000 1.1483 0.9772 3.9416
62.5000 1.1393 0.9679 3.9416
62.6000 1.1303 0.9587 3.9416
62.7000 1.1214 0.9494 3.9416
62.8000 1.1124 0.9402 3.9416
62.9000 1.1034 0.9310 3.9416
63.0000 1.0944 0.9217 3.9416
63.1000 1.0855 0.9125 3.9416
63.2000 1.0765 0.9032 3.9416
63.3000 1.0675 0.8940 3.9416
63.4000 1.0585 0.8848 3.9416
63.5000 1.0496 0.8755 3.9416
63.6000 1.0406 0.8663 3.9416
63.7000 1.0316 0.8570 3.9416
63.8000 1.0226 0.8478 3.9416
63.9000 1.0137 0.8386 3.9416
64.0000 1.0047 0.8293 3.9416
64.1000 0.9957 0.8201 3.9416
64.2000 0.9868 0.8108 3.9415
64.3000 0.9778 0.8016 3.9415
64.4000 0.9688 0.7924 3.9415
64.5000 0.9598 0.7831 3.9415
64.6000 0.9509 0.7739 3.9415
64.7000 0.9419 0.7646 3.9415
64.8000 0.9329 0.7554 3.9415
64.9000 0.9239 0.7462 3.9414
65.0000 0.9150 0.7369 3.9414
65.1000 0.9060 0.7277 3.9414
65.2000 0.8970 0.7185 3.9414
65.3000 0.8880 0.7092 3.9414
65.4000 0.8791 0.7000 3.9413
65.5000 0.8701 0.6907 3.9413
65.6000 0.8611 0.6815 3.9413
65.7000 0.8521 0.6723 3.9413
65.8000 0.8431 0.6630 3.9413
65.9000 0.8342 0.6538 3.9413
66.0000 0.8252 0.6446 3.9412
66.1000 0.8162 0.6353 3.9412
66.2000 0.8072 0.6261 3.9412
66.3000 0.7983 0.6168 3.9412
66.4000 0.7893 0.6076 3.9412
66.5000 0.7803 0.5984 3.9412
66.6000 0.7713 0.5891 3.9411
66.7000 0.7624 0.5799 3.9411
66.8000 0.7534 0.5707 3.9411
66.9000 0.7444 0.5614 3.9411
67.0000 0.7354 0.5522 3.9411
67.1000 0.7264 0.5430 3.9411
67.2000 0.7175 0.5337 3.9410
67.3000 0.7085 0.5245 3.9410
67.4000 0.6995 0.5153 3.9410
67.5000 0.6905 0.5060 3.9410
67.6000 0.6815 0.4968 3.9410
67.7000 0.6726 0.4876 3.9409
67.8000 0.6636 0.4783 3.9409
67.9000 0.6546 0.4691 3.9409
68.0000 0.6456 0.4599 3.9409
68.1000 0.6366 0.4506 3.9409
68.2000 0.6277 0.4414 3.9409
68.3000 0.6187 0.4322 3.9408
68.4000 0.6097 0.4229 3.9408
68.5000 0.6007 0.4137 3.9408
68.6000 0.5917 0.4045 3.9408
68.7000 0.5828 0.3952 3.9408
68.8000 0.5738 0.3860 3.9408
68.9000 0.5648 0.3768 3.9407
69.0000 0.5558 0.3675 3.9407
69.1000 0.5468 0.3583 3.9407
69.2000 0.5379 0.3491 3.9407
69.3000 0.5289 0.3398 3.9407
69.4000 0.5199 0.3306 3.9407
69.5000 0.5109 0.3214 3.9406
69.6000 0.5019 0.3121 3.9406
69.7000 0.4929 0.3029 3.9406
69.8000 0.4840 0.2937 3.9406
69.9000 0.4750 0.2845 3.9406
70.0000 0.4660 0.2752 3.9405
70.1000 0.4570 0.2660 3.9405
70.2000 0.4480 0.2568 3.9405
70.3000 0.4390 0.2475 3.9405
70.4000 0.4301 0.2383 3.9405
70.5000 0.4211 0.2291 3.9405
70.6000 0.4121 0.2198 3.9404
70.7000 0.4031 0.2106 3.9404
70.8000 0.3941 0.2014 3.9404
70.9000 0.3851 0.1922 3.9404
71.0000 0.3762 0.1829 3.9404
71.1000 0.3672 0.1737 3.9404
71.2000 0.3582 0.1645 3.9403
71.3000 0.3492 0.1552 3.9403
71.4000 0.3402 0.1460 3.9403
71.5000 0.3312 0.1368 3.9403
71.6000 0.3222 0.1276 3.9403
71.7000 0.3133 0.1183 3.9402
71.8000 0.3043 0.1091 3.9402
71.9000 0.2953 0.0999 3.9402
72.0000 0.2863 0.0906 3.9402
72.1000 0.2773 0.0814 3.9402
72.2000 0.2683 0.0722 3.9402
72.3000 0.2593 0.0630 3.9401
72.4000 0.2503 0.0537 3.9401
72.5000 0.2414 0.0445 3.9401
72.6000 0.2324 0.0353 3.9401
72.7000 0.2234 0.0261 3.9401
72.8000 0.2144 0.0168 3.9401
72.9000 0.2054 0.0076 3.9400
73.0000 0.1964 -0.0016 3.9400
73.1000 0.1874 -0.0108 3.9400
73.2000 0.1784 -0.0201 3.9400
73.3000 0.1695 -0.0293 3.9400
73.4000 0.1605 -0.0385 3.9399
73.5000 0.1515 -0.0477 3.9399
73.6000 0.1425 -0.0570 3.9399
73.7000 0.1335 -0.0662 3.9399
73.8000 0.1245 -0.0754 3.9399
73.9000 0.1155 -0.0846 3.9399
74.0000 0.1065 -0.0939 3.9398
74.1000 0.0975 -0.1031 3.9398
74.2000 0.0886 -0.1123 3.9398
74.3000 0.0796 -0.1215 3.9398
74.4000 0.0706 -0.1308 3.9398
74.5000 0.0616 -0.1400 3.9398
74.6000 0.0526 -0.1492 3.9397
74.7000 0.0436 -0.1584 3.9397
74.8000 0.0346 -0.1676 3.9397
74.9000 0.0256 -0.1769 3.9397
75.0000 0.0166 -0.1861 3.9397
75.1000 0.0076 -0.1953 3.9397
75.2000 -0.0014 -0.2045 3.9396
75.3000 -0.0103 -0.2138 3.9396
75.4000 -0.0193 -0.2230 3.9396
75.5000 -0.0283 -0.2322 3.9396
75.6000 -0.0373 -0.2414 3.9396
75.7000 -0.0463 -0.2506 3.9395
75.8000 -0.0553 -0.2599 3.9395
75.9000 -0.0643 -0.2691 3.9395
76.0000 -0.0733 -0.2783 3.9395
76.1000 -0.0823 -0.2875 3.9395
76.2000 -0.0913 -0.2967 3.9395
76.3000 -0.1003 -0.3060 3.9394
76.4000 -0.1093 -0.3152 3.9394
76.5000 -0.1183 -0.3244 3.9394
76.6000 -0.1273 -0.3336 3.9394
76.7000 -0.1363 -0.3428 3.9394
76.8000 -0.1452 -0.3521 3.9394
76.9000 -0.1542 -0.3613 3.9393
77.0000 -0.1632 -0.3705 3.9393
77.1000 -0.1722 -0.3797 3.9393
77.2000 -0.1812 -0.3889 3.9393
77.3000 -0.1902 -0.3982 3.9393
77.4000 -0.1992 -0.4074 3.9392
77.5000 -0.2082 -0.4166 3.9392
77.6000 -0.2172 -0.4258 3.9392
77.7000 -0.2262 -0.4350 3.9392
77.8000 -0.2352 -0.4443 3.9392
77.9000 -0.2442 -0.4535 3.9392
78.0000 -0.2532 -0.4627 3.9391
78.1000 -0.2622 -0.4719 3.9391
78.2000 -0.2712 -0.4811 3.9391
78.3000 -0.2802 -0.4903 3.9391
78.4000 -0.2892 -0.4996 3.9391
78.5000 -0.2982 -0.5088 3.9391
78.6000 -0.3072 -0.5180 3.9390
78.7000 -0.3162 -0.5272 3.9390
78.8000 -0.3252 -0.5364 3.9390
78.9000 -0.3342 -0.5456 3.9390
79.0000 -0.3432 -0.5549 3.9390
79.1000 -0.3522 -0.5641 3.9390
79.2000 -0.3612 -0.5733 3.9389
79.3000 -0.3702 -0.5825 3.9389
79.4000 -0.3792 -0.5917 3.9389
79.5000 -0.3882 -0.6009 3.9389
79.6000 -0.3971 -0.6102 3.9389
79.7000 -0.4061 -0.6194 3.9388
79.8000 -0.4151 -0.6286 3.9388
79.9000 -0.4241 -0.6378 3.9388
80.0000 -0.4331 -0.6470 3.9388
80.1000 -0.4421 -0.6562 3.9388
80.2000 -0.4511 -0.6654 3.9388
80.3000 -0.4601 -0.6747 3.9387
80.4000 -0.4691 -0.6839 3.9387
80.5000 -0.4781 -0.6931 3.9387
80.6000 -0.4871 -0.7023 3.9387
80.7000 -0.4961 -0.7115 3.9387
80.8000 -0.5051 -0.7207 3.9387
80.9000 -0.5141 -0.7299 3.9386
81.0000 -0.5231 -0.7391 3.9386
81.1000 -0.5321 -0.7484 3.9386
81.2000 -0.5412 -0.7576 3.9386
81.3000 -0.5502 -0.7668 3.9386
81.4000 -0.5592 -0.7760 3.9385
81.5000 -0.5682 -0.7852 3.9385
81.6000 -0.5772 -0.7944 3.9385
81.7000 -0.5862 -0.8036 3.9385
81.8000 -0.5952 -0.8128 3.9385
81.9000 -0.6042 -0.8221 3.9385
82.0000 -0.6132 -0.8313 3.9384
82.1000 -0.6222 -0.8405 3.9384
82.2000 -0.6312 -0.8497 3.9384
82.3000 -0.6402 -0.8589 3.9384
82.4000 -0.6492 -0.8681 3.9384
82.5000 -0.6582 -0.8773 3.9384
82.6000 -0.6672 -0.8865 3.9383
82.7000 -0.6762 -0.8957 3.9383
82.8000 -0.6852 -0.9050 3.9383
82.9000 -0.6942 -0.9142 3.9383
83.0000 -0.7032 -0.9234 3.9383
83.1000 -0.7122 -0.9326 3.9382
83.2000 -0.7212 -0.9418 3.9382
83.3000 -0.7302 -0.9510 3.9382
83.4000 -0.7392 -0.9602 3.9382
83.5000 -0.7482 -0.9694 3.9382
83.6000 -0.7572 -0.9786 3.9382
83.7000 -0.7662 -0.9878 3.9381
83.8000 -0.7752 -0.9970 3.9381
83.9000 -0.7842 -1.0063 3.9381
84.0000 -0.7933 -1.0155 3.9381
84.1000 -0.8023 -1.0247 3.9381
84.2000 -0.8113 -1.0339 3.9381
84.3000 -0.8203 -1.0431 3.9380
84.4000 -0.8293 -1.0523 3.9380
84.5000 -0.8383 -1.0615 3.9380
84.6000 -0.8473 -1.0707 3.9380
84.7000 -0.8563 -1.0799 3.9380
84.8000 -0.8653 -1.0891 3.9380
84.9000 -0.8743 -1.0983 3.9379
85.0000 -0.8833 -1.1075 3.9379
85.1000 -0.8923 -1.1167 3.9379
85.2000 -0.9013 -1.1259 3.9378
85.3000 -0.9103 -1.1352 3.9378
85.4000 -0.9194 -1.1444 3.9376
85.5000 -0.9284 -1.1536 3.9374
85.6000 -0.9374 -1.1627 3.9367
85.7000 -0.9464 -1.1719 3.9352
85.8000 -0.9553 -1.1810 3.9313
85.9000 -0.9643 -1.1899 3.9212
86.0000 -0.9730 -1.1984 3.8956
86.1000 -0.9815 -1.2058 3.8339
86.2000 -0.9891 -1.2113 3.7041
86.3000 -0.9955 -1.2144 3.4849
86.4000 -1.0007 -1.2155 3.2008
86.5000 -1.0066 -1.2151 2.9402
86.6000 -1.0155 -1.2126 2.8012
86.7000 -1.0272 -1.2084 2.7841
86.8000 -1.0392 -1.2039 2.7829
86.9000 -1.0513 -1.1993 2.7828
87.0000 -1.0633 -1.1948 2.7828
87.1000 -1.0754 -1.1903 2.7828
87.2000 -1.0874 -1.1858 2.7828
87.3000 -1.0995 -1.1813 2.7828
87.4000 -1.1116 -1.1767 2.7828
87.5000 -1.1236 -1.1722 2.7828
87.6000 -1.1357 -1.1677 2.7828
87.7000 -1.1477 -1.1632 2.7828
87.8000 -1.1598 -1.1586 2.7828
87.9000 -1.1719 -1.1541 2.7827
88.0000 -1.1839 -1.1496 2.7826
88.1000 -1.1960 -1.1451 2.7822
88.2000 -1.2080 -1.1405 2.7804
88.3000 -1.2198 -1.1360 2.7721
88.4000 -1.2308 -1.1315 2.7341
88.5000 -1.2388 -1.1273 2.5899
88.6000 -1.2421 -1.1245 2.2669
88.7000 -1.2429 -1.1230 1.8465
88.8000 -1.2429 -1.1220 1.4005
88.9000 -1.2423 -1.1204 0.9784
89.0000 -1.2366 -1.1129 0.8477
89.1000 -1.2281 -1.1034 0.8449
89.2000 -1.2195 -1.0937 0.8448
89.3000 -1.2110 -1.0841 0.8448
89.4000 -1.2024 -1.0745 0.8448
89.5000 -1.1939 -1.0648 0.8448
89.6000 -1.1853 -1.0552 0.8448
89.7000 -1.1768 -1.0456 0.8448
89.8000 -1.1682 -1.0359 0.8448
89.9000 -1.1597 -1.0263 0.8448
90.0000 -1.1511 -1.0167 0.8448
90.1000 -1.1426 -1.0070 0.8448
90.2000 -1.1340 -0.9974 0.8448
90.3000 -1.1255 -0.9878 0.8448
90.4000 -1.1169 -0.9781 0.8448
90.5000 -1.1083 -0.9685 0.8448
90.6000 -1.0998 -0.9589 0.8448
90.7000 -1.0912 -0.9492 0.8448
90.8000 -1.0827 -0.9396 0.8448
90.9000 -1.0741 -0.9300 0.8448
91.0000 -1.0656 -0.9203 0.8448
91.1000 -1.0570 -0.9107 0.8448
91.2000 -1.0485 -0.9011 0.8448
91.3000 -1.0399 -0.8914 0.8448
91.4000 -1.0314 -0.8818 0.8448
91.5000 -1.0228 -0.8722 0.8447
91.6000 -1.0143 -0.8625 0.8447
91.7000 -1.0057 -0.8529 0.8447
91.8000 -0.9972 -0.8433 0.8447
91.9000 -0.9886 -0.8337 0.8447
92.0000 -0.9801 -0.8240 0.8447
92.1000 -0.9715 -0.8144 0.8447
92.2000 -0.9630 -0.8048 0.8446
92.3000 -0.9544 -0.7951 0.8446
92.4000 -0.9459 -0.7855 0.8446
92.5000 -0.9373 -0.7759 0.8446
92.6000 -0.9288 -0.7662 0.8446
92.7000 -0.9202 -0.7566 0.8446
92.8000 -0.9117 -0.7470 0.8445
92.9000 -0.9031 -0.7373 0.8445
93.0000 -0.8945 -0.7277 0.8445
93.1000 -0.8860 -0.7181 0.8445
93.2000 -0.8774 -0.7085 0.8445
93.3000 -0.8689 -0.6988 0.8445
93.4000 -0.8603 -0.6892 0.8444
93.5000 -0.8518 -0.6796 0.8444
93.6000 -0.8432 -0.6699 0.8444
93.7000 -0.8347 -0.6603 0.8444
93.8000 -0.8261 -0.6507 0.8444
93.9000 -0.8176 -0.6411 0.8443
94.0000 -0.8090 -0.6314 0.8443
94.1000 -0.8004 -0.6218 0.8443
94.2000 -0.7919 -0.6122 0.8443
94.3000 -0.7833 -0.6025 0.8443
94.4000 -0.7748 -0.5929 0.8443
94.5000 -0.7662 -0.5833 0.8442
94.6000 -0.7577 -0.5737 0.8442
94.7000 -0.7491 -0.5640 0.8442
94.8000 -0.7406 -0.5544 0.8442
94.9000 -0.7320 -0.5448 0.8442
95.0000 -0.7234 -0.5352 0.8442
95.1000 -0.7149 -0.5255 0.8441
95.2000 -0.7063 -0.5159 0.8441
95.3000 -0.6978 -0.5063 0.8441
95.4000 -0.6892 -0.4966 0.8441
95.5000 -0.6807 -0.4870 0.8441
95.6000 -0.6721 -0.4774 0.8441
95.7000 -0.6635 -0.4678 0.8440
95.8000 -0.6550 -0.4581 0.8440
95.9000 -0.6464 -0.4485 0.8440
96.0000 -0.6379 -0.4389 0.8440
96.1000 -0.6293 -0.4293 0.8440
96.2000 -0.6207 -0.4196 0.8439
96.3000 -0.6122 -0.4100 0.8439
96.4000 -0.6036 -0.4004 0.8439
96.5000 -0.5951 -0.3908 0.8439
96.6000 -0.5865 -0.3811 0.8439
96.7000 -0.5779 -0.3715 0.8439
96.8000 -0.5694 -0.3619 0.8438
96.9000 -0.5608 -0.3523 0.8438
97.0000 -0.5523 -0.3427 0.8438
97.1000 -0.5437 -0.3330 0.8438
97.2000 -0.5351 -0.3234 0.8438
97.3000 -0.5266 -0.3138 0.8438
97.4000 -0.5180 -0.3042 0.8437
97.5000 -0.5095 -0.2945 0.8437
97.6000 -0.5009 -0.2849 0.8437
97.7000 -0.4923 -0.2753 0.8437
97.8000 -0.4838 -0.2657 0.8437
97.9000 -0.4752 -0.2560 0.8436
98.0000 -0.4667 -0.2464 0.8436
98.1000 -0.4581 -0.2368 0.8436
98.2000 -0.4495 -0.2272 0.8436
98.3000 -0.4410 -0.2176 0.8436
98.4000 -0.4324 -0.2079 0.8436
98.5000 -0.4238 -0.1983 0.8435
98.6000 -0.4153 -0.1887 0.8435
98.7000 -0.4067 -0.1791 0.8435
98.8000 -0.3982 -0.1694 0.8435
98.9000 -0.3896 -0.1598 0.8435
99.0000 -0.3810 -0.1502 0.8435
99.1000 -0.3725 -0.1406 0.8434
99.2000 -0.3639 -0.1310 0.8434
99.3000 -0.3553 -0.1213 0.8434
99.4000 -0.3468 -0.1117 0.8434
99.5000 -0.3382 -0.1021 0.8434
99.6000 -0.3296 -0.0925 0.8434
99.7000 -0.3211 -0.0829 0.8433
99.8000 -0.3125 -0.0732 0.8433
99.9000 -0.3039 -0.0636 0.8433
100.0000 -0.2954 -0.0540 0.8433
100.1000 -0.2868 -0.0444 0.8433
100.2000 -0.2782 -0.0348 0.8432
100.3000 -0.2697 -0.0252 0.8432
100.4000 -0.2611 -0.0155 0.8432
100.5000 -0.2525 -0.0059 0.8432
100.6000 -0.2440 0.0037 0.8432
100.7000 -0.2354 0.0133 0.8432
100.8000 -0.2268 0.0229 0.8431
100.9000 -0.2183 0.0326 0.8431
101.0000 -0.2097 0.0422 0.8431
101.1000 -0.2011 0.0518 0.8431
101.2000 -0.1926 0.0614 0.8431
101.3000 -0.1840 0.0710 0.8431
101.4000 -0.1754 0.0806 0.8430
101.5000 -0.1669 0.0903 0.8430
101.6000 -0.1583 0.0999 0.8430
101.7000 -0.1497 0.1095 0.8430
101.8000 -0.1412 0.1191 0.8430
101.9000 -0.1326 0.1287 0.8429
102.0000 -0.1240 0.1383 0.8429
102.1000 -0.1155 0.1480 0.8429
102.2000 -0.1069 0.1576 0.8429
102.3000 -0.0983 0.1672 0.8429
102.4000 -0.0898 0.1768 0.8429
102.5000 -0.0812 0.1864 0.8428
102.6000 -0.0726 0.1960 0.8428
102.7000 -0.0640 0.2057 0.8428
102.8000 -0.0555 0.2153 0.8428
102.9000 -0.0469 0.2249 0.8428
103.0000 -0.0383 0.2345 0.8428
103.1000 -0.0298 0.2441 0.8427
103.2000 -0.0212 0.2537 0.8427
103.3000 -0.0126 0.2633 0.8427
103.4000 -0.0041 0.2730 0.8427
103.5000 0.0045 0.2826 0.8427
103.6000 0.0131 0.2922 0.8426
103.7000 0.0217 0.3018 0.8426
103.8000 0.0302 0.3114 0.8426
103.9000 0.0388 0.3210 0.8426
104.0000 0.0474 0.3306 0.8426
104.1000 0.0559 0.3403 0.8426
104.2000 0.0645 0.3499 0.8425
104.3000 0.0731 0.3595 0.8425
104.4000 0.0817 0.3691 0.8425
104.5000 0.0902 0.3787 0.8425
104.6000 0.0988 0.3883 0.8425
104.7000 0.1074 0.3979 0.8425
104.8000 0.1160 0.4075 0.8424
104.9000 0.1245 0.4172 0.8424
105.0000 0.1331 0.4268 0.8424
105.1000 0.1417 0.4364 0.8424
105.2000 0.1503 0.4460 0.8424
105.3000 0.1588 0.4556 0.8424
105.4000 0.1674 0.4652 0.8423
105.5000 0.1760 0.4748 0.8423
105.6000 0.1846 0.4844 0.8423
105.7000 0.1931 0.4940 0.8423
105.8000 0.2017 0.5037 0.8423
105.9000 0.2103 0.5133 0.8422
106.0000 0.2189 0.5229 0.8422
106.1000 0.2274 0.5325 0.8422
106.2000 0.2360 0.5421 0.8422
106.3000 0.2446 0.5517 0.8422
106.4000 0.2532 0.5613 0.8422
106.5000 0.2617 0.5709 0.8421
106.6000 0.2703 0.5805 0.8421
106.7000 0.2789 0.5901 0.8421
106.8000 0.2875 0.5998 0.8421
106.9000 0.2960 0.6094 0.8421
107.0000 0.3046 0.6190 0.8421
107.1000 0.3132 0.6286 0.8420
107.2000 0.3218 0.6382 0.8420
107.3000 0.3303 0.6478 0.8420
107.4000 0.3389 0.6574 0.8420
107.5000 0.3475 0.6670 0.8420
107.6000 0.3561 0.6766 0.8419
107.7000 0.3647 0.6862 0.8419
107.8000 0.3732 0.6958 0.8419
107.9000 0.3818 0.7054 0.8419
108.0000 0.3904 0.7150 0.8419
108.1000 0.3990 0.7247 0.8419
108.2000 0.4076 0.7343 0.8418
108.3000 0.4161 0.7439 0.8418
108.4000 0.4247 0.7535 0.8418
108.5000 0.4333 0.7631 0.8418
108.6000 0.4419 0.7727 0.8418
108.7000 0.4505 0.7823 0.8418
108.8000 0.4590 0.7919 0.8417
108.9000 0.4676 0.8015 0.8417
109.0000 0.4762 0.8111 0.8417
109.1000 0.4848 0.8207 0.8417
109.2000 0.4934 0.8303 0.8417
109.3000 0.5019 0.8399 0.8417
109.4000 0.5105 0.8495 0.8416
109.5000 0.5191 0.8591 0.8416
109.6000 0.5277 0.8687 0.8416
109.7000 0.5363 0.8783 0.8416
109.8000 0.5448 0.8880 0.8416
109.9000 0.5534 0.8976 0.8415
110.0000 0.5620 0.9072 0.8415
110.1000 0.5706 0.9168 0.8415
110.2000 0.5792 0.9264 0.8415
110.3000 0.5878 0.9360 0.8415
110.4000 0.5963 0.9456 0.8415
110.5000 0.6049 0.9552 0.8414
110.6000 0.6135 0.9648 0.8414
110.7000 0.6221 0.9744 0.8414
110.8000 0.6307 0.9840 0.8414
110.9000 0.6393 0.9936 0.8414
111.0000 0.6478 1.0032 0.8414
111.1000 0.6564 1.0128 0.8413
111.2000 0.6650 1.0224 0.8413
111.3000 0.6736 1.0320 0.8413
111.4000 0.6822 1.0416 0.8413
111.5000 0.6908 1.0512 0.8413
111.6000 0.6993 1.0608 0.8412
111.7000 0.7079 1.0704 0.8412
111.8000 0.7165 1.0800 0.8412
111.9000 0.7251 1.0896 0.8412
112.0000 0.7337 1.0992 0.8412
112.1000 0.7423 1.1088 0.8412
112.2000 0.7509 1.1184 0.8411
112.3000 0.7594 1.1280 0.8411
112.4000 0.7680 1.1376 0.8410
112.5000 0.7766 1.1472 0.8408
112.6000 0.7852 1.1568 0.8404
112.7000 0.7938 1.1664 0.8395
112.8000 0.8024 1.1759 0.8371
112.9000 0.8109 1.1853 0.8308
113.0000 0.8194 1.1944 0.8146
113.1000 0.8276 1.2028 0.7726
113.2000 0.8353 1.2096 0.6736
113.3000 0.8418 1.2139 0.4811
113.4000 0.8468 1.2156 0.1943
113.5000 0.8511 1.2157 6.1571
113.6000 0.8586 1.2140 5.9589
113.7000 0.8697 1.2101 5.9188
113.8000 0.8817 1.2055 5.9162
113.9000 0.8937 1.2009 5.9160
114.0000 0.9057 1.1962 5.9159
114.1000 0.9177 1.1916 5.9159
114.2000 0.9297 1.1870 5.9159
114.3000 0.9418 1.1824 5.9159
114.4000 0.9538 1.1777 5.9159
114.5000 0.9658 1.1731 5.9159
114.6000 0.9778 1.1685 5.9159
114.7000 0.9898 1.1639 5.9159
114.8000 1.0019 1.1592 5.9159
114.9000 1.0139 1.1546 5.9159
115.0000 1.0259 1.1500 5.9159
115.1000 1.0379 1.1454 5.9159
115.2000 1.0500 1.1407 5.9159
115.3000 1.0620 1.1361 5.9159
115.4000 1.0740 1.1315 5.9159
115.5000 1.0860 1.1269 5.9159
115.6000 1.0980 1.1222 5.9159
115.7000 1.1101 1.1176 5.9159
115.8000 1.1221 1.1130 5.9159
115.9000 1.1341 1.1084 5.9159
116.0000 1.1461 1.1037 5.9158
116.1000 1.1581 1.0991 5.9157
116.2000 1.1702 1.0945 5.9154
116.3000 1.1821 1.0899 5.9144
116.4000 1.1941 1.0852 5.9111
116.5000 1.2058 1.0806 5.8997
116.6000 1.2167 1.0759 5.8616
116.7000 1.2253 1.0714 5.7440
116.8000 1.2298 1.0678 5.4748
116.9000 1.2310 1.0659 5.0747
117.0000 1.2312 1.0650 4.6251
117.1000 1.2308 1.0640 4.1773
117.2000 1.2268 1.0588 3.9401
117.3000 1.2180 1.0498 3.9328
117.4000 1.2089 1.0406 3.9325
117.5000 1.1999 1.0314 3.9325
117.6000 1.1908 1.0223 3.9325
117.7000 1.1817 1.0131 3.9325
117.8000 1.1727 1.0040 3.9325
117.9000 1.1636 0.9948 3.9325
118.0000 1.1546 0.9857 3.9325
118.1000 1.1455 0.9765 3.9325
118.2000 1.1364 0.9673 3.9325
118.3000 1.1274 0.9582 3.9325
118.4000 1.1183 0.9490 3.9325
118.5000 1.1093 0.9399 3.9325
118.6000 1.1002 0.9307 3.9325
118.7000 1.0912 0.9215 3.9325
118.8000 1.0821 0.9124 3.9325
118.9000 1.0730 0.9032 3.9325
119.0000 1.0640 0.8941 3.9325
119.1000 1.0549 0.8849 3.9325
119.2000 1.0459 0.8758 3.9324
119.3000 1.0368 0.8666 3.9324
119.4000 1.0278 0.8574 3.9324
119.5000 1.0187 0.8483 3.9324
119.6000 1.0096 0.8391 3.9324
119.7000 1.0006 0.8300 3.9324
119.8000 0.9915 0.8208 3.9324
119.9000 0.9825 0.8117 3.9324
120.0000 0.9734 0.8025 3.9323
120.1000 0.9643 0.7933 3.9323
120.2000 0.9553 0.7842 3.9323
120.3000 0.9462 0.7750 3.9323
120.4000 0.9372 0.7659 3.9323
120.5000 0.9281 0.7567 3.9323
120.6000 0.9190 0.7476 3.9323
120.7000 0.9100 0.7384 3.9322
120.8000 0.9009 0.7293 3.9322
120.9000 0.8919 0.7201 3.9322
121.0000 0.8828 0.7110 3.9322
121.1000 0.8737 0.7018 3.9322
121.2000 0.8647 0.6926 3.9321
121.3000 0.8556 0.6835 3.9321
121.4000 0.8466 0.6743 3.9321
121.5000 0.8375 0.6652 3.9321
121.6000 0.8284 0.6560 3.9321
121.7000 0.8194 0.6469 3.9321
121.8000 0.8103 0.6377 3.9320
121.9000 0.8013 0.6286 3.9320
122.0000 0.7922 0.6194 3.9320
122.1000 0.7831 0.6103 3.9320
122.2000 0.7741 0.6011 3.9320
122.3000 0.7650 0.5920 3.9320
122.4000 0.7559 0.5828 3.9319
122.5000 0.7469 0.5736 3.9319
122.6000 0.7378 0.5645 3.9319
122.7000 0.7288 0.5553 3.9319
122.8000 0.7197 0.5462 3.9319
122.9000 0.7106 0.5370 3.9319
123.0000 0.7016 0.5279 3.9318
123.1000 0.6925 0.5187 3.9318
123.2000 0.6834 0.5096 3.9318
123.3000 0.6744 0.5004 3.9318
123.4000 0.6653 0.4913 3.9318
123.5000 0.6563 0.4821 3.9317
123.6000 0.6472 0.4730 3.9317
123.7000 0.6381 0.4638 3.9317
123.8000 0.6291 0.4547 3.9317
123.9000 0.6200 0.4455 3.9317
124.0000 0.6109 0.4364 3.9317
124.1000 0.6019 0.4272 3.9316
124.2000 0.5928 0.4181 3.9316
124.3000 0.5837 0.4089 3.9316
124.4000 0.5747 0.3998 3.9316
124.5000 0.5656 0.3906 3.9316
124.6000 0.5565 0.3815 3.9316
124.7000 0.5475 0.3723 3.9315
124.8000 0.5384 0.3632 3.9315
124.9000 0.5293 0.3540 3.9315
125.0000 0.5203 0.3449 3.9315
125.1000 0.5112 0.3357 3.9315
125.2000 0.5021 0.3266 3.9314
125.3000 0.4931 0.3174 3.9314
125.4000 0.4840 0.3083 3.9314
125.5000 0.4749 0.2991 3.9314
125.6000 0.4659 0.2900 3.9314
125.7000 0.4568 0.2809 3.9314
125.8000 0.4477 0.2717 3.9313
125.9000 0.4387 0.2626 3.9313
126.0000 0.4296 0.2534 3.9313
126.1000 0.4205 0.2443 3.9313
126.2000 0.4115 0.2351 3.9313
126.3000 0.4024 0.2260 3.9313
126.4000 0.3933 0.2168 3.9312
126.5000 0.3843 0.2077 3.9312
126.6000 0.3752 0.1985 3.9312
126.7000 0.3661 0.1894 3.9312
126.8000 0.3570 0.1802 3.9312
126.9000 0.3480 0.1711 3.9312
127.0000 0.3389 0.1620 3.9311
127.1000 0.3298 0.1528 3.9311
127.2000 0.3208 0.1437 3.9311
127.3000 0.3117 0.1345 3.9311
127.4000 0.3026 0.1254 3.9311
127.5000 0.2936 0.1162 3.9310
127.6000 0.2845 0.1071 3.9310
127.7000 0.2754 0.0979 3.9310
127.8000 0.2663 0.0888 3.9310
127.9000 0.2573 0.0797 3.9310
128.0000 0.2482 0.0705 3.9310
128.1000 0.2391 0.0614 3.9309
128.2000 0.2301 0.0522 3.9309
128.3000 0.2210 0.0431 3.9309
128.4000 0.2119 0.0339 3.9309
128.5000 0.2028 0.0248 3.9309
128.6000 0.1938 0.0156 3.9309
128.7000 0.1847 0.0065 3.9308
128.8000 0.1756 -0.0026 3.9308
128.9000 0.1666 -0.0118 3.9308
129.0000 0.1575 -0.0209 3.9308
129.1000 0.1484 -0.0301 3.9308
129.2000 0.1393 -0.0392 3.9307
129.3000 0.1303 -0.0483 3.9307
129.4000 0.1212 -0.0575 3.9307
129.5000 0.1121 -0.0666 3.9307
129.6000 0.1030 -0.0758 3.9307
129.7000 0.0940 -0.0849 3.9307
129.8000 0.0849 -0.0941 3.9306
129.9000 0.0758 -0.1032 3.9306
130.0000 0.0667 -0.1123 3.9306
130.1000 0.0577 -0.1215 3.9306
130.2000 0.0486 -0.1306 3.9306
130.3000 0.0395 -0.1398 3.9306
130.4000 0.0304 -0.1489 3.9305
130.5000 0.0214 -0.1580 3.9305
130.6000 0.0123 -0.1672 3.9305
130.7000 0.0032 -0.1763 3.9305
130.8000 -0.0059 -0.1855 3.9305
130.9000 -0.0149 -0.1946 3.9305
131.0000 -0.0240 -0.2037 3.9304
131.1000 -0.0331 -0.2129 3.9304
131.2000 -0.0422 -0.2220 3.9304
131.3000 -0.0512 -0.2311 3.9304
131.4000 -0.0603 -0.2403 3.9304
131.5000 -0.0694 -0.2494 3.9303
131.6000 -0.0785 -0.2586 3.9303
131.7000 -0.0875 -0.2677 3.9303
131.8000 -0.0966 -0.2768 3.9303
131.9000 -0.1057 -0.2860 3.9303
132.0000 -0.1148 -0.2951 3.9303
132.1000 -0.1239 -0.3042 3.9302
132.2000 -0.1329 -0.3134 3.9302
132.3000 -0.1420 -0.3225 3.9302
132.4000 -0.1511 -0.3317 3.9302
132.5000 -0.1602 -0.3408 3.9302
132.6000 -0.1693 -0.3499 3.9302
132.7000 -0.1783 -0.3591 3.9301
132.8000 -0.1874 -0.3682 3.9301
132.9000 -0.1965 -0.3773 3.9301
133.0000 -0.2056 -0.3865 3.9301
133.1000 -0.2146 -0.3956 3.9301
133.2000 -0.2237 -0.4047 3.9300
133.3000 -0.2328 -0.4139 3.9300
133.4000 -0.2419 -0.4230 3.9300
133.5000 -0.2510 -0.4322 3.9300
133.6000 -0.2600 -0.4413 3.9300
133.7000 -0.2691 -0.4504 3.9300
133.8000 -0.2782 -0.4596 3.9299
133.9000 -0.2873 -0.4687 3.9299
134.0000 -0.2964 -0.4778 3.9299
134.1000 -0.3054 -0.4870 3.9299
134.2000 -0.3145 -0.4961 3.9299
134.3000 -0.3236 -0.5052 3.9299
134.4000 -0.3327 -0.5144 3.9298
134.5000 -0.3418 -0.5235 3.9298
134.6000 -0.3509 -0.5326 3.9298
134.7000 -0.3599 -0.5418 3.9298
134.8000 -0.3690 -0.5509 3.9298
134.9000 -0.3781 -0.5600 3.9297
135.0000 -0.3872 -0.5692 3.9297
135.1000 -0.3963 -0.5783 3.9297
135.2000 -0.4054 -0.5874 3.9297
135.3000 -0.4144 -0.5966 3.9297
135.4000 -0.4235 -0.6057 3.9297
135.5000 -0.4326 -0.6148 3.9296
135.6000 -0.4417 -0.6240 3.9296
135.7000 -0.4508 -0.6331 3.9296
135.8000 -0.4599 -0.6422 3.9296
135.9000 -0.4689 -0.6513 3.9296
136.0000 -0.4780 -0.6605 3.9296
136.1000 -0.4871 -0.6696 3.9295
136.2000 -0.4962 -0.6787 3.9295
136.3000 -0.5053 -0.6879 3.9295
136.4000 -0.5144 -0.6970 3.9295
136.5000 -0.5234 -0.7061 3.9295
136.6000 -0.5325 -0.7153 3.9295
136.7000 -0.5416 -0.7244 3.9294
136.8000 -0.5507 -0.7335 3.9294
136.9000 -0.5598 -0.7426 3.9294
137.0000 -0.5689 -0.7518 3.9294
137.1000 -0.5780 -0.7609 3.9294
137.2000 -0.5870 -0.7700 3.9293
137.3000 -0.5961 -0.7792 3.9293
137.4000 -0.6052 -0.7883 3.9293
137.5000 -0.6143 -0.7974 3.9293
137.6000 -0.6234 -0.8065 3.9293
137.7000 -0.6325 -0.8157 3.9293
137.8000 -0.6416 -0.8248 3.9292
137.9000 -0.6506 -0.8339 3.9292
138.0000 -0.6597 -0.8431 3.9292
138.1000 -0.6688 -0.8522 3.9292
138.2000 -0.6779 -0.8613 3.9292
138.3000 -0.6870 -0.8704 3.9292
138.4000 -0.6961 -0.8796 3.9291
138.5000 -0.7052 -0.8887 3.9291
138.6000 -0.7143 -0.8978 3.9291
138.7000 -0.7234 -0.9070 3.9291
138.8000 -0.7324 -0.9161 3.9291
138.9000 -0.7415 -0.9252 3.9290
139.0000 -0.7506 -0.9343 3.9290
139.1000 -0.7597 -0.9435 3.9290
139.2000 -0.7688 -0.9526 3.9290
139.3000 -0.7779 -0.9617 3.9290
139.4000 -0.7870 -0.9708 3.9290
139.5000 -0.7961 -0.9800 3.9289
139.6000 -0.8052 -0.9891 3.9289
139.7000 -0.8142 -0.9982 3.9289
139.8000 -0.8233 -1.0073 3.9289
139.9000 -0.8324 -1.0165 3.9289
140.0000 -0.8415 -1.0256 3.9289
140.1000 -0.8506 -1.0347 3.9288
140.2000 -0.8597 -1.0438 3.9288
140.3000 -0.8688 -1.0530 3.9288
140.4000 -0.8779 -1.0621 3.9288
140.5000 -0.8870 -1.0712 3.9288
140.6000 -0.8961 -1.0803 3.9287
140.7000 -0.9052 -1.0895 3.9287
140.8000 -0.9142 -1.0986 3.9287
140.9000 -0.9233 -1.1077 3.9287
141.0000 -0.9324 -1.1168 3.9287
141.1000 -0.9415 -1.1259 3.9286
141.2000 -0.9506 -1.1351 3.9286
141.3000 -0.9597 -1.1442 3.9284
141.4000 -0.9688 -1.1533 3.9281
141.5000 -0.9779 -1.1624 3.9275
141.6000 -0.9870 -1.1715 3.9260
141.7000 -0.9960 -1.1805 3.9223
141.8000 -1.0050 -1.1893 3.9128
141.9000 -1.0139 -1.1978 3.8894
142.0000 -1.0225 -1.2053 3.8335
142.1000 -1.0303 -1.2110 3.7117
142.2000 -1.0368 -1.2142 3.5007
142.3000 -1.0420 -1.2154 3.2182
142.4000 -1.0478 -1.2151 2.9497
142.5000 -1.0565 -1.2127 2.8057
142.6000 -1.0682 -1.2085 2.7866
142.7000 -1.0802 -1.2041 2.7853
142.8000 -1.0923 -1.1996 2.7852
142.9000 -1.1044 -1.1951 2.7852
143.0000 -1.1164 -1.1906 2.7852
143.1000 -1.1285 -1.1861 2.7852
143.2000 -1.1406 -1.1816 2.7852
143.3000 -1.1526 -1.1771 2.7852
143.4000 -1.1647 -1.1726 2.7851
143.5000 -1.1768 -1.1681 2.7851
143.6000 -1.1888 -1.1636 2.7850
143.7000 -1.2009 -1.1591 2.7846
143.8000 -1.2129 -1.1546 2.7830
143.9000 -1.2248 -1.1501 2.7763
144.0000 -1.2360 -1.1456 2.7467
144.1000 -1.2449 -1.1413 2.6310
144.2000 -1.2491 -1.1381 2.3454
144.3000 -1.2502 -1.1364 1.9388
144.4000 -1.2504 -1.1352 1.4968
144.5000 -1.2500 -1.1340 1.0606
144.6000 -1.2457 -1.1279 0.8559
144.7000 -1.2373 -1.1182 0.8514
144.8000 -1.2288 -1.1086 0.8513
144.9000 -1.2204 -1.0989 0.8513
145.0000 -1.2119 -1.0892 0.8513
145.1000 -1.2034 -1.0795 0.8513
145.2000 -1.1949 -1.0698 0.8513
145.3000 -1.1864 -1.0601 0.8513
145.4000 -1.1779 -1.0504 0.8513
145.5000 -1.1694 -1.0407 0.8513
145.6000 -1.1609 -1.0311 0.8513
145.7000 -1.1524 -1.0214 0.8513
145.8000 -1.1440 -1.0117 0.8513
145.9000 -1.1355 -1.0020 0.8513
146.0000 -1.1270 -0.9923 0.8513
146.1000 -1.1185 -0.9826 0.8513
146.2000 -1.1100 -0.9729 0.8513
146.3000 -1.1015 -0.9632 0.8513
146.4000 -1.0930 -0.9536 0.8513
146.5000 -1.0845 -0.9439 0.8513
146.6000 -1.0760 -0.9342 0.8513
146.7000 -1.0676 -0.9245 0.8513
146.8000 -1.0591 -0.9148 0.8513
146.9000 -1.0506 -0.9051 0.8513
147.0000 -1.0421 -0.8954 0.8513
147.1000 -1.0336 -0.8857 0.8512
147.2000 -1.0251 -0.8761 0.8512
147.3000 -1.0166 -0.8664 0.8512
147.4000 -1.0081 -0.8567 0.8512
147.5000 -0.9996 -0.8470 0.8512
147.6000 -0.9912 -0.8373 0.8512
147.7000 -0.9827 -0.8276 0.8512
147.8000 -0.9742 -0.8179 0.8512
147.9000 -0.9657 -0.8083 0.8511
148.0000 -0.9572 -0.7986 0.8511
148.1000 -0.9487 -0.7889 0.8511
148.2000 -0.9402 -0.7792 0.8511
148.3000 -0.9317 -0.7695 0.8511
148.4000 -0.9232 -0.7598 0.8511
148.5000 -0.9147 -0.7501 0.8510
148.6000 -0.9063 -0.7405 0.8510
148.7000 -0.8978 -0.7308 0.8510
148.8000 -0.8893 -0.7211 0.8510
148.9000 -0.8808 -0.7114 0.8510
149.0000 -0.8723 -0.7017 0.8509
149.1000 -0.8638 -0.6920 0.8509
149.2000 -0.8553 -0.6823 0.8509
149.3000 -0.8468 -0.6727 0.8509
149.4000 -0.8383 -0.6630 0.8509
149.5000 -0.8298 -0.6533 0.8509
149.6000 -0.8213 -0.6436 0.8508
149.7000 -0.8128 -0.6339 0.8508
149.8000 -0.8044 -0.6242 0.8508
149.9000 -0.7959 -0.6146 0.8508
150.0000 -0.7874 -0.6049 0.8508
150.1000 -0.7789 -0.5952 0.8508
150.2000 -0.7704 -0.5855 0.8507
150.3000 -0.7619 -0.5758 0.8507
150.4000 -0.7534 -0.5661 0.8507
150.5000 -0.7449 -0.5565 0.8507
150.6000 -0.7364 -0.5468 0.8507
150.7000 -0.7279 -0.5371 0.8507
150.8000 -0.7194 -0.5274 0.8506
150.9000 -0.7109 -0.5177 0.8506
151.0000 -0.7024 -0.5081 0.8506
151.1000 -0.6939 -0.4984 0.8506
151.2000 -0.6854 -0.4887 0.8506
151.3000 -0.6769 -0.4790 0.8505
151.4000 -0.6685 -0.4693 0.8505
151.5000 -0.6600 -0.4596 0.8505
151.6000 -0.6515 -0.4500 0.8505
151.7000 -0.6430 -0.4403 0.8505
151.8000 -0.6345 -0.4306 0.8505
151.9000 -0.6260 -0.4209 0.8504
152.0000 -0.6175 -0.4112 0.8504
152.1000 -0.6090 -0.4016 0.8504
152.2000 -0.6005 -0.3919 0.8504
152.3000 -0.5920 -0.3822 0.8504
152.4000 -0.5835 -0.3725 0.8504
152.5000 -0.5750 -0.3628 0.8503
152.6000 -0.5665 -0.3532 0.8503
152.7000 -0.5580 -0.3435 0.8503
152.8000 -0.5495 -0.3338 0.8503
152.9000 -0.5410 -0.3241 0.8503
153.0000 -0.5325 -0.3144 0.8502
153.1000 -0.5240 -0.3048 0.8502
153.2000 -0.5155 -0.2951 0.8502
153.3000 -0.5070 -0.2854 0.8502
153.4000 -0.4985 -0.2757 0.8502
153.5000 -0.4900 -0.2661 0.8502
153.6000 -0.4815 -0.2564 0.8501
153.7000 -0.4730 -0.2467 0.8501
153.8000 -0.4645 -0.2370 0.8501
153.9000 -0.4560 -0.2273 0.8501
154.0000 -0.4475 -0.2177 0.8501
154.1000 -0.4390 -0.2080 0.8501
154.2000 -0.4305 -0.1983 0.8500
154.3000 -0.4220 -0.1886 0.8500
154.4000 -0.4135 -0.1790 0.8500
154.5000 -0.4050 -0.1693 0.8500
154.6000 -0.3965 -0.1596 0.8500
154.7000 -0.3880 -0.1499 0.8500
154.8000 -0.3795 -0.1403 0.8499
154.9000 -0.3710 -0.1306 0.8499
155.0000 -0.3625 -0.1209 0.8499
155.1000 -0.3540 -0.1112 0.8499
155.2000 -0.3455 -0.1016 0.8499
155.3000 -0.3370 -0.0919 0.8498
155.4000 -0.3285 -0.0822 0.8498
155.5000 -0.3200 -0.0725 0.8498
155.6000 -0.3115 -0.0629 0.8498
155.7000 -0.3030 -0.0532 0.8498
155.8000 -0.2945 -0.0435 0.8498
155.9000 -0.2860 -0.0338 0.8497
156.0000 -0.2775 -0.0242 0.8497
156.1000 -0.2690 -0.0145 0.8497
156.2000 -0.2605 -0.0048 0.8497
156.3000 -0.2520 0.0049 0.8497
156.4000 -0.2435 0.0145 0.8497
156.5000 -0.2350 0.0242 0.8496
156.6000 -0.2265 0.0339 0.8496
156.7000 -0.2180 0.0436 0.8496
156.8000 -0.2094 0.0532 0.8496
156.9000 -0.2009 0.0629 0.8496
157.0000 -0.1924 0.0726 0.8495
157.1000 -0.1839 0.0823 0.8495
157.2000 -0.1754 0.0919 0.8495
157.3000 -0.1669 0.1016 0.8495
157.4000 -0.1584 0.1113 0.8495
157.5000 -0.1499 0.1209 0.8495
157.6000 -0.1414 0.1306 0.8494
157.7000 -0.1329 0.1403 0.8494
157.8000 -0.1244 0.1500 0.8494
157.9000 -0.1159 0.1596 0.8494
158.0000 -0.1074 0.1693 0.8494
158.1000 -0.0989 0.1790 0.8494
158.2000 -0.0904 0.1886 0.8493
158.3000 -0.0819 0.1983 0.8493
158.4000 -0.0733 0.2080 0.8493
158.5000 -0.0648 0.2177 0.8493
158.6000 -0.0563 0.2273 0.8493
158.7000 -0.0478 0.2370 0.8493
158.8000 -0.0393 0.2467 0.8492
158.9000 -0.0308 0.2563 0.8492
159.0000 -0.0223 0.2660 0.8492
159.1000 -0.0138 0.2757 0.8492
159.2000 -0.0053 0.2853 0.8492
159.3000 0.0032 0.2950 0.8491
159.4000 0.0117 0.3047 0.8491
159.5000 0.0202 0.3143 0.8491
159.6000 0.0288 0.3240 0.8491
159.7000 0.0373 0.3337 0.8491
159.8000 0.0458 0.3434 0.8491
159.9000 0.0543 0.3530 0.8490
160.0000 0.0628 0.3627 0.8490
160.1000 0.0713 0.3724 0.8490
160.2000 0.0798 0.3820 0.8490
160.3000 0.0883 0.3917 0.8490
160.4000 0.0968 0.4014 0.8490
160.5000 0.1053 0.4110 0.8489
160.6000 0.1139 0.4207 0.8489
160.7000 0.1224 0.4304 0.8489
160.8000 0.1309 0.4400 0.8489
160.9000 0.1394 0.4497 0.8489
161.0000 0.1479 0.4594 0.8488
161.1000 0.1564 0.4690 0.8488
161.2000 0.1649 0.4787 0.8488
161.3000 0.1734 0.4884 0.8488
161.4000 0.1819 0.4980 0.8488
161.5000 0.1905 0.5077 0.8488
161.6000 0.1990 0.5174 0.8487
161.7000 0.2075 0.5270 0.8487
161.8000 0.2160 0.5367 0.8487
161.9000 0.2245 0.5464 0.8487
162.0000 0.2330 0.5560 0.8487
162.1000 0.2415 0.5657 0.8487
162.2000 0.2501 0.5754 0.8486
162.3000 0.2586 0.5850 0.8486
162.4000 0.2671 0.5947 0.8486
162.5000 0.2756 0.6044 0.8486
162.6000 0.2841 0.6140 0.8486
162.7000 0.2926 0.6237 0.8485
162.8000 0.3011 0.6333 0.8485
162.9000 0.3097 0.6430 0.8485
163.0000 0.3182 0.6527 0.8485
163.1000 0.3267 0.6623 0.8485
163.2000 0.3352 0.6720 0.8485
163.3000 0.3437 0.6817 0.8484
163.4000 0.3522 0.6913 0.8484
163.5000 0.3607 0.7010 0.8484
163.6000 0.3693 0.7107 0.8484
163.7000 0.3778 0.7203 0.8484
163.8000 0.3863 0.7300 0.8484
163.9000 0.3948 0.7396 0.8483
164.0000 0.4033 0.7493 0.8483
164.1000 0.4118 0.7590 0.8483
164.2000 0.4204 0.7686 0.8483
164.3000 0.4289 0.7783 0.8483
164.4000 0.4374 0.7880 0.8483
164.5000 0.4459 0.7976 0.8482
164.6000 0.4544 0.8073 0.8482
164.7000 0.4630 0.8169 0.8482
164.8000 0.4715 0.8266 0.8482
164.9000 0.4800 0.8363 0.8482
165.0000 0.4885 0.8459 0.8481
165.1000 0.4970 0.8556 0.8481
165.2000 0.5055 0.8652 0.8481
165.3000 0.5141 0.8749 0.8481
165.4000 0.5226 0.8846 0.8481
165.5000 0.5311 0.8942 0.8481
165.6000 0.5396 0.9039 0.8480
165.7000 0.5481 0.9135 0.8480
165.8000 0.5567 0.9232 0.8480
165.9000 0.5652 0.9329 0.8480
166.0000 0.5737 0.9425 0.8480
166.1000 0.5822 0.9522 0.8480
166.2000 0.5907 0.9618 0.8479
166.3000 0.5993 0.9715 0.8479
166.4000 0.6078 0.9812 0.8479
166.5000 0.6163 0.9908 0.8479
166.6000 0.6248 1.0005 0.8479
166.7000 0.6333 1.0101 0.8478
166.8000 0.6419 1.0198 0.8478
166.9000 0.6504 1.0294 0.8478
167.0000 0.6589 1.0391 0.8478
167.1000 0.6674 1.0488 0.8478
167.2000 0.6760 1.0584 0.8478
167.3000 0.6845 1.0681 0.8477
167.4000 0.6930 1.0777 0.8477
167.5000 0.7015 1.0874 0.8477
167.6000 0.7100 1.0970 0.8477
167.7000 0.7186 1.1067 0.8477
167.8000 0.7271 1.1164 0.8476
167.9000 0.7356 1.1260 0.8476
168.0000 0.7441 1.1357 0.8475
168.1000 0.7527 1.1453 0.8474
168.2000 0.7612 1.1550 0.8471
168.3000 0.7697 1.1646 0.8463
168.4000 0.7782 1.1742 0.8443
168.5000 0.7867 1.1837 0.8389
168.6000 0.7951 1.1929 0.8250
168.7000 0.8034 1.2016 0.7888
168.8000 0.8111 1.2087 0.7019
168.9000 0.8178 1.2134 0.5232
169.0000 0.8230 1.2155 0.2513
169.1000 0.8274 1.2160 6.2164
169.2000 0.8340 1.2147 5.9826
169.3000 0.8444 1.2111 5.9119
169.4000 0.8563 1.2064 5.9070
169.5000 0.8682 1.2017 5.9067
169.6000 0.8802 1.1970 5.9066
169.7000 0.8922 1.1922 5.9066
169.8000 0.9042 1.1875 5.9066
169.9000 0.9161 1.1828 5.9066
170.0000 0.9281 1.1780 5.9066
170.1000 0.9401 1.1733 5.9066
170.2000 0.9521 1.1686 5.9066
170.3000 0.9641 1.1638 5.9066
170.4000 0.9760 1.1591 5.9066
170.5000 0.9880 1.1544 5.9066
170.6000 1.0000 1.1496 5.9066
170.7000 1.0120 1.1449 5.9066
170.8000 1.0240 1.1401 5.9066
170.9000 1.0359 1.1354 5.9066
171.0000 1.0479 1.1307 5.9066
171.1000 1.0599 1.1259 5.9066
171.2000 1.0719 1.1212 5.9066
171.3000 1.0838 1.1165 5.9066
171.4000 1.0958 1.1117 5.9066
171.5000 1.1078 1.1070 5.9066
171.6000 1.1198 1.1022 5.9065
171.7000 1.1317 1.0975 5.9065
171.8000 1.1437 1.0928 5.9065
171.9000 1.1557 1.0880 5.9063
172.0000 1.1677 1.0833 5.9060
172.1000 1.1796 1.0786 5.9049
172.2000 1.1915 1.0738 5.9016
172.3000 1.2032 1.0691 5.8906
172.4000 1.2141 1.0643 5.8545
172.5000 1.2230 1.0596 5.7473
172.6000 1.2279 1.0558 5.4984
172.7000 1.2294 1.0536 5.1133
172.8000 1.2296 1.0525 4.6706
172.9000 1.2293 1.0514 4.2254
173.0000 1.2259 1.0466 3.9628
173.1000 1.2173 1.0374 3.9536
173.2000 1.2084 1.0281 3.9533
173.3000 1.1995 1.0187 3.9533
173.4000 1.1907 1.0094 3.9533
173.5000 1.1818 1.0000 3.9533
173.6000 1.1729 0.9907 3.9533
173.7000 1.1641 0.9814 3.9533
173.8000 1.1552 0.9720 3.9533
173.9000 1.1463 0.9627 3.9533
174.0000 1.1375 0.9533 3.9533
174.1000 1.1286 0.9440 3.9533
174.2000 1.1197 0.9346 3.9533
174.3000 1.1109 0.9253 3.9532
174.4000 1.1020 0.9160 3.9532
174.5000 1.0931 0.9066 3.9532
174.6000 1.0843 0.8973 3.9532
174.7000 1.0754 0.8879 3.9532
174.8000 1.0666 0.8786 3.9532
174.9000 1.0577 0.8692 3.9532
175.0000 1.0488 0.8599 3.9532
175.1000 1.0400 0.8505 3.9532
175.2000 1.0311 0.8412 3.9532
175.3000 1.0222 0.8319 3.9532
175.4000 1.0134 0.8225 3.9532
175.5000 1.0045 0.8132 3.9532
175.6000 0.9956 0.8038 3.9532
175.7000 0.9868 0.7945 3.9532
175.8000 0.9779 0.7851 3.9531
175.9000 0.9690 0.7758 3.9531
176.0000 0.9602 0.7665 3.9531
176.1000 0.9513 0.7571 3.9531
176.2000 0.9424 0.7478 3.9531
176.3000 0.9336 0.7384 3.9531
176.4000 0.9247 0.7291 3.9530
176.5000 0.9158 0.7197 3.9530
176.6000 0.9070 0.7104 3.9530
176.7000 0.8981 0.7011 3.9530
176.8000 0.8892 0.6917 3.9530
176.9000 0.8804 0.6824 3.9530
177.0000 0.8715 0.6730 3.9529
177.1000 0.8626 0.6637 3.9529
177.2000 0.8537 0.6544 3.9529
177.3000 0.8449 0.6450 3.9529
177.4000 0.8360 0.6357 3.9529
177.5000 0.8271 0.6263 3.9528
177.6000 0.8183 0.6170 3.9528
177.7000 0.8094 0.6077 3.9528
177.8000 0.8005 0.5983 3.9528
177.9000 0.7917 0.5890 3.9528
178.0000 0.7828 0.5796 3.9528
178.1000 0.7739 0.5703 3.9527
178.2000 0.7651 0.5610 3.9527
178.3000 0.7562 0.5516 3.9527
178.4000 0.7473 0.5423 3.9527
178.5000 0.7384 0.5329 3.9527
178.6000 0.7296 0.5236 3.9527
178.7000 0.7207 0.5143 3.9526
178.8000 0.7118 0.5049 3.9526
178.9000 0.7030 0.4956 3.9526
179.0000 0.6941 0.4863 3.9526
179.1000 0.6852 0.4769 3.9526
179.2000 0.6763 0.4676 3.9526
179.3000 0.6675 0.4582 3.9525
179.4000 0.6586 0.4489 3.9525
179.5000 0.6497 0.4396 3.9525
179.6000 0.6409 0.4302 3.9525
179.7000 0.6320 0.4209 3.9525
179.8000 0.6231 0.4116 3.9524
179.9000 0.6142 0.4022 3.9524
180.0000 0.6054 0.3929 3.9524
180.1000 0.5965 0.3836 3.9524
180.2000 0.5876 0.3742 3.9524
180.3000 0.5787 0.3649 3.9524
180.4000 0.5699 0.3555 3.9523
180.5000 0.5610 0.3462 3.9523
180.6000 0.5521 0.3369 3.9523
180.7000 0.5432 0.3275 3.9523
180.8000 0.5344 0.3182 3.9523
180.9000 0.5255 0.3089 3.9523
181.0000 0.5166 0.2995 3.9522
181.1000 0.5077 0.2902 3.9522
181.2000 0.4989 0.2809 3.9522
181.3000 0.4900 0.2715 3.9522
181.4000 0.4811 0.2622 3.9522
181.5000 0.4722 0.2529 3.9521
181.6000 0.4634 0.2435 3.9521
181.7000 0.4545 0.2342 3.9521
181.8000 0.4456 0.2249 3.9521
181.9000 0.4367 0.2155 3.9521
182.0000 0.4279 0.2062 3.9521
182.1000 0.4190 0.1969 3.9520
182.2000 0.4101 0.1875 3.9520
182.3000 0.4012 0.1782 3.9520
182.4000 0.3924 0.1689 3.9520
182.5000 0.3835 0.1595 3.9520
182.6000 0.3746 0.1502 3.9520
182.7000 0.3657 0.1409 3.9519
182.8000 0.3569 0.1315 3.9519
182.9000 0.3480 0.1222 3.9519
183.0000 0.3391 0.1129 3.9519
183.1000 0.3302 0.1035 3.9519
183.2000 0.3213 0.0942 3.9519
183.3000 0.3125 0.0849 3.9518
183.4000 0.3036 0.0756 3.9518
183.5000 0.2947 0.0662 3.9518
183.6000 0.2858 0.0569 3.9518
183.7000 0.2769 0.0476 3.9518
183.8000 0.2681 0.0382 3.9517
183.9000 0.2592 0.0289 3.9517
184.0000 0.2503 0.0196 3.9517
184.1000 0.2414 0.0102 3.9517
184.2000 0.2325 0.0009 3.9517
184.3000 0.2237 -0.0084 3.9517
184.4000 0.2148 -0.0178 3.9516
184.5000 0.2059 -0.0271 3.9516
184.6000 0.1970 -0.0364 3.9516
184.7000 0.1881 -0.0457 3.9516
184.8000 0.1793 -0.0551 3.9516
184.9000 0.1704 -0.0644 3.9516
185.0000 0.1615 -0.0737 3.9515
185.1000 0.1526 -0.0831 3.9515
185.2000 0.1437 -0.0924 3.9515
185.3000 0.1349 -0.1017 3.9515
185.4000 0.1260 -0.1110 3.9515
185.5000 0.1171 -0.1204 3.9514
185.6000 0.1082 -0.1297 3.9514
185.7000 0.0993 -0.1390 3.9514
185.8000 0.0904 -0.1483 3.9514
185.9000 0.0816 -0.1577 3.9514
186.0000 0.0727 -0.1670 3.9514
186.1000 0.0638 -0.1763 3.9513
186.2000 0.0549 -0.1857 3.9513
186.3000 0.0460 -0.1950 3.9513
186.4000 0.0371 -0.2043 3.9513
186.5000 0.0283 -0.2136 3.9513
186.6000 0.0194 -0.2230 3.9513
186.7000 0.0105 -0.2323 3.9512
186.8000 0.0016 -0.2416 3.9512
186.9000 -0.0073 -0.2509 3.9512
187.0000 -0.0162 -0.2603 3.9512
187.1000 -0.0250 -0.2696 3.9512
187.2000 -0.0339 -0.2789 3.9512
187.3000 -0.0428 -0.2882 3.9511
187.4000 -0.0517 -0.2976 3.9511
187.5000 -0.0606 -0.3069 3.9511
187.6000 -0.0695 -0.3162 3.9511
187.7000 -0.0784 -0.3255 3.9511
187.8000 -0.0872 -0.3349 3.9510
187.9000 -0.0961 -0.3442 3.9510
188.0000 -0.1050 -0.3535 3.9510
188.1000 -0.1139 -0.3628 3.9510
188.2000 -0.1228 -0.3722 3.9510
188.3000 -0.1317 -0.3815 3.9510
188.4000 -0.1406 -0.3908 3.9509
188.5000 -0.1494 -0.4001 3.9509
188.6000 -0.1583 -0.4094 3.9509
188.7000 -0.1672 -0.4188 3.9509
188.8000 -0.1761 -0.4281 3.9509
188.9000 -0.1850 -0.4374 3.9509
189.0000 -0.1939 -0.4467 3.9508
189.1000 -0.2028 -0.4561 3.9508
189.2000 -0.2117 -0.4654 3.9508
189.3000 -0.2205 -0.4747 3.9508
189.4000 -0.2294 -0.4840 3.9508
189.5000 -0.2383 -0.4933 3.9507
189.6000 -0.2472 -0.5027 3.9507
189.7000 -0.2561 -0.5120 3.9507
189.8000 -0.2650 -0.5213 3.9507
189.9000 -0.2739 -0.5306 3.9507
190.0000 -0.2828 -0.5399 3.9507
190.1000 -0.2917 -0.5493 3.9506
190.2000 -0.3005 -0.5586 3.9506
190.3000 -0.3094 -0.5679 3.9506
190.4000 -0.3183 -0.5772 3.9506
190.5000 -0.3272 -0.5865 3.9506
190.6000 -0.3361 -0.5959 3.9506
190.7000 -0.3450 -0.6052 3.9505
190.8000 -0.3539 -0.6145 3.9505
190.9000 -0.3628 -0.6238 3.9505
191.0000 -0.3717 -0.6331 3.9505
191.1000 -0.3806 -0.6425 3.9505
191.2000 -0.3895 -0.6518 3.9504
191.3000 -0.3983 -0.6611 3.9504
191.4000 -0.4072 -0.6704 3.9504
191.5000 -0.4161 -0.6797 3.9504
191.6000 -0.4250 -0.6891 3.9504
191.7000 -0.4339 -0.6984 3.9504
191.8000 -0.4428 -0.7077 3.9503
191.9000 -0.4517 -0.7170 3.9503
192.0000 -0.4606 -0.7263 3.9503
192.1000 -0.4695 -0.7356 3.9503
192.2000 -0.4784 -0.7450 3.9503
192.3000 -0.4873 -0.7543 3.9503
192.4000 -0.4962 -0.7636 3.9502
192.5000 -0.5051 -0.7729 3.9502
192.6000 -0.5139 -0.7822 3.9502
192.7000 -0.5228 -0.7915 3.9502
192.8000 -0.5317 -0.8009 3.9502
192.9000 -0.5406 -0.8102 3.9502
193.0000 -0.5495 -0.8195 3.9501
193.1000 -0.5584 -0.8288 3.9501
193.2000 -0.5673 -0.8381 3.9501
193.3000 -0.5762 -0.8474 3.9501
193.4000 -0.5851 -0.8568 3.9501
193.5000 -0.5940 -0.8661 3.9500
193.6000 -0.6029 -0.8754 3.9500
193.7000 -0.6118 -0.8847 3.9500
193.8000 -0.6207 -0.8940 3.9500
193.9000 -0.6296 -0.9033 3.9500
194.0000 -0.6385 -0.9126 3.9500
194.1000 -0.6474 -0.9220 3.9499
194.2000 -0.6563 -0.9313 3.9499
194.3000 -0.6652 -0.9406 3.9499
194.4000 -0.6741 -0.9499 3.9499
194.5000 -0.6830 -0.9592 3.9499
194.6000 -0.6919 -0.9685 3.9499
194.7000 -0.7008 -0.9778 3.9498
194.8000 -0.7097 -0.9872 3.9498
194.9000 -0.7185 -0.9965 3.9498
195.0000 -0.7274 -1.0058 3.9498
195.1000 -0.7363 -1.0151 3.9498
195.2000 -0.7452 -1.0244 3.9497
195.3000 -0.7541 -1.0337 3.9497
195.4000 -0.7630 -1.0430 3.9497
195.5000 -0.7719 -1.0523 3.9497
195.6000 -0.7808 -1.0617 3.9497
195.7000 -0.7897 -1.0710 3.9497
195.8000 -0.7986 -1.0803 3.9496
195.9000 -0.8075 -1.0896 3.9496
196.0000 -0.8164 -1.0989 3.9496
196.1000 -0.8253 -1.1082 3.9496
196.2000 -0.8342 -1.1175 3.9496
196.3000 -0.8431 -1.1268 3.9495
196.4000 -0.8520 -1.1361 3.9494
196.5000 -0.8609 -1.1454 3.9493
196.6000 -0.8698 -1.1547 3.9490
196.7000 -0.8787 -1.1640 3.9482
196.8000 -0.8876 -1.1733 3.9464
196.9000 -0.8965 -1.1825 3.9418
197.0000 -0.9053 -1.1914 3.9303
197.1000 -0.9139 -1.1999 3.9012
197.2000 -0.9222 -1.2072 3.8313
197.3000 -0.9296 -1.2125 3.6868
197.4000 -0.9356 -1.2152 3.4496
197.5000 -0.9405 -1.2160 3.1522
197.6000 -0.9466 -1.2153 2.8991
197.7000 -0.9558 -1.2124 2.7764
197.8000 -0.9675 -1.2078 2.7646
197.9000 -0.9794 -1.2031 2.7638
198.0000 -0.9914 -1.1983 2.7637
198.1000 -1.0034 -1.1936 2.7637
198.2000 -1.0154 -1.1888 2.7637
198.3000 -1.0273 -1.1841 2.7637
198.4000 -1.0393 -1.1793 2.7637
198.5000 -1.0513 -1.1746 2.7637
198.6000 -1.0632 -1.1698 2.7637
198.7000 -1.0752 -1.1651 2.7637
198.8000 -1.0872 -1.1603 2.7637
198.9000 -1.0992 -1.1556 2.7637
199.0000 -1.1111 -1.1508 2.7637
199.1000 -1.1231 -1.1460 2.7637
199.2000 -1.1351 -1.1413 2.7637
199.3000 -1.1470 -1.1365 2.7637
199.4000 -1.1590 -1.1318 2.7637
199.5000 -1.1710 -1.1270 2.7635
199.6000 -1.1829 -1.1223 2.7631
199.7000 -1.1949 -1.1175 2.7612
199.8000 -1.2066 -1.1128 2.7537
199.9000 -1.2178 -1.1080 2.7242
200.0000 -1.2268 -1.1034 2.6228
200.1000 -1.2318 -1.0997 2.3727
